-1;72;-1;-1;-1;-1;-1;-1;759;-1;-1;-1;-1;-1;-1;2204;-1;-1;-1;-1;-1;-1;-1;-1;-1;-1;-1;-1;-1;-1;-1;-1;-1;-1;-1;-1;-1;-1;-1;-1;-1;-1;-1;-1;-1;-1;-1;-1;-1;-1;-1
69;-1;519;641;938;950;938;950;725;-1;-1;-1;1305;1422;-1;549;-1;-1;-1;-1;-1;-1;-1;-1;-1;-1;-1;-1;-1;-1;-1;-1;-1;-1;-1;-1;-1;-1;-1;-1;-1;-1;-1;-1;-1;-1;-1;-1;-1;-1;-1
-1;615;-1;106;253;257;253;257;315;-1;656;597;1618;-1;-1;-1;-1;-1;-1;-1;-1;-1;-1;-1;-1;-1;-1;-1;-1;-1;1653;1653;1653;1597;1899;2384;466;494;656;595;658;658;658;-1;-1;-1;-1;-1;-1;-1;-1
-1;723;106;-1;253;257;253;257;444;-1;802;453;1618;-1;-1;-1;-1;-1;-1;-1;-1;-1;-1;-1;-1;-1;-1;-1;-1;-1;1653;1653;1653;1597;1899;2504;563;577;752;487;543;543;543;-1;-1;-1;-1;-1;-1;-1;-1
-1;1306;409;409;-1;0;0;0;166;-1;1065;807;2225;-1;-1;-1;-1;-1;-1;-1;-1;-1;-1;-1;-1;-1;-1;-1;-1;-1;1722;1722;1722;1616;1611;1709;454;494;530;578;374;374;374;873;-1;-1;-1;-1;-1;-1;-1
-1;1329;418;418;0;-1;0;0;168;-1;1088;828;2246;-1;-1;-1;-1;-1;-1;-1;-1;-1;-1;-1;-1;-1;-1;-1;-1;-1;1713;1713;1713;1608;1602;1700;445;485;519;570;366;366;366;855;-1;-1;-1;-1;-1;-1;-1
-1;1306;409;409;0;0;-1;0;166;-1;1065;807;2225;-1;-1;-1;-1;-1;-1;-1;-1;-1;-1;-1;-1;-1;-1;-1;-1;-1;1722;1722;1722;1616;1611;1709;454;494;530;578;374;374;374;873;-1;-1;-1;-1;-1;-1;-1
-1;1329;418;418;0;0;0;-1;168;-1;1088;828;2246;-1;-1;-1;-1;-1;-1;-1;-1;-1;-1;-1;-1;-1;-1;-1;-1;-1;1713;1713;1713;1608;1602;1700;445;485;519;570;366;366;366;855;-1;-1;-1;-1;-1;-1;-1
1135;1067;446;568;162;163;162;163;-1;771;775;980;2263;-1;-1;-1;-1;-1;-1;-1;-1;-1;-1;-1;-1;-1;-1;-1;-1;-1;1877;1877;1877;1794;1803;1675;565;536;652;823;633;633;633;1155;-1;-1;-1;-1;-1;-1;-1
-1;-1;-1;-1;-1;-1;-1;-1;328;-1;95;-1;-1;-1;-1;-1;-1;-1;-1;-1;-1;-1;-1;-1;-1;-1;-1;-1;-1;-1;-1;-1;-1;-1;-1;2048;-1;-1;-1;-1;-1;-1;-1;-1;-1;-1;-1;-1;-1;-1;-1
-1;-1;438;560;507;519;507;519;294;92;-1;370;1720;-1;-1;-1;-1;-1;-1;-1;-1;-1;-1;-1;-1;-1;-1;-1;-1;-1;-1;-1;-1;-1;-1;-1;-1;-1;-1;-1;-1;-1;-1;-1;-1;-1;-1;-1;-1;-1;-1
-1;-1;444;322;365;376;365;376;561;-1;379;-1;1642;-1;-1;-1;-1;-1;-1;-1;-1;-1;-1;-1;-1;-1;-1;-1;-1;-1;-1;-1;-1;-1;-1;2283;1088;1157;-1;-1;-1;-1;-1;-1;-1;-1;-1;-1;-1;-1;-1
-1;1237;1475;1475;1789;1800;1789;1800;3501;-1;-1;-1;-1;306;-1;-1;-1;-1;-1;-1;-1;-1;-1;-1;-1;-1;-1;1047;1047;1053;-1;-1;-1;-1;-1;4725;2251;4159;-1;-1;-1;-1;-1;-1;-1;-1;-1;-1;-1;-1;-1
-1;1407;-1;-1;-1;-1;-1;-1;-1;-1;-1;-1;317;-1;993;1170;-1;-1;-1;-1;-1;-1;-1;-1;-1;-1;-1;-1;-1;894;-1;-1;-1;-1;-1;-1;-1;-1;-1;-1;-1;-1;-1;-1;-1;-1;-1;-1;-1;-1;-1
-1;-1;-1;-1;-1;-1;-1;-1;-1;-1;-1;-1;-1;995;-1;142;315;-1;-1;792;-1;-1;-1;-1;-1;-1;-1;-1;-1;1837;-1;-1;-1;-1;-1;-1;-1;-1;-1;-1;-1;-1;-1;-1;-1;-1;-1;-1;-1;-1;-1
-1;-1;-1;-1;-1;-1;-1;-1;-1;-1;-1;-1;-1;1208;138;-1;200;-1;-1;925;-1;-1;-1;-1;-1;-1;-1;-1;-1;-1;-1;-1;-1;-1;-1;-1;-1;-1;-1;-1;-1;-1;-1;-1;-1;-1;-1;-1;-1;-1;-1
-1;-1;-1;-1;-1;-1;-1;-1;-1;-1;-1;-1;-1;-1;-1;-1;-1;247;247;725;828;-1;-1;-1;-1;-1;-1;-1;-1;-1;-1;-1;-1;-1;-1;-1;-1;-1;-1;-1;-1;-1;-1;-1;-1;-1;-1;-1;-1;-1;-1
-1;-1;-1;-1;-1;-1;-1;-1;-1;-1;-1;-1;-1;-1;-1;-1;351;-1;0;700;744;1310;1310;1310;-1;-1;-1;-1;-1;-1;-1;-1;-1;-1;-1;-1;-1;-1;-1;-1;-1;-1;-1;-1;-1;-1;-1;-1;-1;-1;-1
-1;-1;-1;-1;-1;-1;-1;-1;-1;-1;-1;-1;-1;-1;-1;-1;351;0;-1;700;744;1310;1310;1310;-1;-1;-1;-1;-1;-1;-1;-1;-1;-1;-1;-1;-1;-1;-1;-1;-1;-1;-1;-1;-1;-1;-1;-1;-1;-1;-1
-1;-1;-1;-1;-1;-1;-1;-1;-1;-1;-1;-1;-1;-1;-1;-1;729;628;628;-1;343;853;853;853;-1;-1;-1;-1;-1;-1;-1;-1;-1;-1;-1;-1;-1;-1;-1;-1;-1;-1;-1;-1;-1;-1;-1;-1;-1;-1;-1
-1;-1;-1;-1;-1;-1;-1;-1;-1;-1;-1;-1;-1;-1;-1;-1;1079;828;828;554;-1;264;264;264;496;496;496;-1;-1;-1;-1;-1;-1;-1;-1;-1;-1;-1;-1;-1;-1;-1;-1;-1;-1;-1;-1;-1;-1;-1;-1
-1;-1;-1;-1;-1;-1;-1;-1;-1;-1;-1;-1;-1;-1;-1;-1;-1;-1;-1;-1;446;-1;0;0;215;215;215;-1;-1;-1;-1;-1;-1;-1;-1;-1;-1;-1;-1;-1;-1;-1;-1;-1;-1;-1;-1;-1;-1;-1;-1
-1;-1;-1;-1;-1;-1;-1;-1;-1;-1;-1;-1;-1;-1;-1;-1;-1;-1;-1;-1;446;0;-1;0;215;215;215;-1;-1;-1;-1;-1;-1;-1;-1;-1;-1;-1;-1;-1;-1;-1;-1;-1;-1;-1;-1;-1;-1;-1;-1
-1;-1;-1;-1;-1;-1;-1;-1;-1;-1;-1;-1;-1;-1;-1;-1;-1;-1;-1;-1;446;0;0;-1;215;215;215;-1;-1;-1;-1;-1;-1;-1;-1;-1;-1;-1;-1;-1;-1;-1;-1;-1;-1;-1;-1;-1;-1;-1;-1
-1;-1;-1;-1;-1;-1;-1;-1;-1;-1;-1;-1;-1;-1;-1;-1;-1;-1;-1;-1;678;212;212;212;-1;0;0;255;255;274;-1;-1;-1;-1;-1;-1;-1;-1;-1;-1;-1;-1;-1;-1;-1;-1;-1;-1;-1;-1;-1
-1;-1;-1;-1;-1;-1;-1;-1;-1;-1;-1;-1;-1;-1;-1;-1;-1;-1;-1;-1;678;212;212;212;0;-1;0;255;255;274;-1;-1;-1;-1;-1;-1;-1;-1;-1;-1;-1;-1;-1;-1;-1;-1;-1;-1;-1;-1;-1
-1;-1;-1;-1;-1;-1;-1;-1;-1;-1;-1;-1;-1;-1;-1;-1;-1;-1;-1;-1;678;212;212;212;0;0;-1;255;255;274;-1;-1;-1;-1;-1;-1;-1;-1;-1;-1;-1;-1;-1;-1;-1;-1;-1;-1;-1;-1;-1
-1;-1;-1;-1;-1;-1;-1;-1;-1;-1;-1;-1;-1;-1;-1;-1;-1;-1;-1;-1;-1;-1;-1;-1;255;255;255;-1;0;19;250;250;250;-1;-1;-1;-1;-1;-1;-1;-1;-1;-1;-1;-1;-1;-1;-1;1192;-1;-1
-1;-1;-1;-1;-1;-1;-1;-1;-1;-1;-1;-1;-1;-1;-1;-1;-1;-1;-1;-1;-1;-1;-1;-1;255;255;255;0;-1;19;250;250;250;-1;-1;-1;-1;-1;-1;-1;-1;-1;-1;-1;-1;-1;-1;-1;1192;-1;-1
-1;-1;-1;-1;-1;-1;-1;-1;-1;-1;-1;-1;-1;-1;-1;-1;-1;-1;-1;-1;-1;-1;-1;-1;270;270;270;19;19;-1;272;272;272;-1;-1;-1;-1;-1;-1;-1;-1;-1;-1;-1;-1;-1;-1;-1;1220;-1;-1
-1;-1;-1;-1;-1;-1;-1;-1;-1;-1;-1;-1;-1;-1;-1;-1;-1;-1;-1;-1;-1;-1;-1;-1;-1;-1;-1;250;250;269;-1;0;0;300;-1;-1;1268;3129;1312;1267;1393;1393;1393;1580;-1;-1;-1;-1;1002;-1;-1
-1;-1;-1;-1;-1;-1;-1;-1;-1;-1;-1;-1;-1;-1;-1;-1;-1;-1;-1;-1;-1;-1;-1;-1;-1;-1;-1;250;250;269;0;-1;0;300;-1;-1;1268;3129;1312;1267;1393;1393;1393;1580;-1;-1;-1;-1;1002;-1;-1
-1;-1;-1;-1;-1;-1;-1;-1;-1;-1;-1;-1;-1;-1;-1;-1;-1;-1;-1;-1;-1;-1;-1;-1;-1;-1;-1;250;250;269;0;0;-1;300;-1;-1;1268;3129;1312;1267;1393;1393;1393;1580;-1;-1;-1;-1;1002;-1;-1
-1;-1;1870;1870;1544;1527;1544;1527;1788;-1;-1;-1;-1;-1;-1;-1;-1;-1;-1;-1;-1;-1;-1;-1;-1;-1;-1;-1;-1;-1;300;300;300;-1;195;559;1148;1190;1193;1154;1273;1273;1273;1425;-1;-1;-1;-1;1302;-1;-1
-1;-1;2182;2182;1554;1537;1554;1537;1798;-1;-1;-1;-1;-1;-1;-1;-1;-1;-1;-1;-1;-1;-1;-1;-1;-1;-1;-1;-1;-1;496;496;496;195;-1;105;1294;1335;1264;1349;1306;1306;1306;1368;-1;-1;-1;-1;1499;-1;-1
-1;-1;2205;2327;1661;1645;1661;1645;1663;-1;-1;-1;-1;-1;-1;-1;-1;-1;-1;-1;-1;-1;-1;-1;-1;-1;-1;-1;-1;-1;525;525;525;291;105;-1;1322;1308;1292;1525;1493;1493;1493;1542;-1;-1;-1;-1;1480;-1;-1
-1;-1;782;889;449;433;449;433;612;-1;-1;-1;-1;-1;-1;-1;-1;-1;-1;-1;-1;-1;-1;-1;-1;-1;-1;-1;-1;-1;1268;1268;1268;1150;1297;1327;-1;27;45;177;224;224;224;408;-1;-1;-1;-1;548;-1;-1
-1;-1;812;904;497;481;497;481;580;-1;-1;-1;-1;-1;-1;-1;-1;-1;-1;-1;-1;-1;-1;-1;-1;-1;-1;-1;-1;-1;1302;1302;1302;1191;1342;1312;27;-1;72;244;296;296;296;474;-1;-1;-1;-1;579;-1;-1
-1;-1;-1;-1;611;590;611;590;795;-1;-1;-1;-1;-1;-1;-1;-1;-1;-1;-1;-1;-1;-1;-1;-1;-1;-1;-1;-1;-1;1322;1322;1322;1205;1278;1310;57;84;-1;232;213;213;213;291;-1;-1;-1;835;496;-1;-1
-1;-1;902;780;544;527;544;527;869;-1;-1;-1;-1;-1;-1;-1;-1;-1;-1;-1;-1;-1;-1;-1;-1;-1;-1;-1;-1;-1;1258;1258;1258;1155;1357;1851;179;248;222;-1;121;121;121;315;-1;-1;-1;-1;531;-1;-1
-1;-1;1023;901;423;406;423;406;748;-1;-1;-1;-1;-1;-1;-1;-1;-1;-1;-1;-1;-1;-1;-1;-1;-1;-1;-1;-1;-1;1453;1453;1453;1356;1382;1578;255;324;242;188;-1;0;0;194;-1;-1;-1;-1;720;-1;-1
-1;-1;1023;901;423;406;423;406;748;-1;-1;-1;-1;-1;-1;-1;-1;-1;-1;-1;-1;-1;-1;-1;-1;-1;-1;-1;-1;-1;1453;1453;1453;1356;1382;1578;255;324;242;188;0;-1;0;194;-1;-1;-1;-1;720;-1;-1
-1;-1;1023;901;423;406;423;406;748;-1;-1;-1;-1;-1;-1;-1;-1;-1;-1;-1;-1;-1;-1;-1;-1;-1;-1;-1;-1;-1;1453;1453;1453;1356;1382;1578;255;324;242;188;0;0;-1;194;-1;-1;-1;-1;720;-1;-1
-1;-1;-1;-1;-1;-1;-1;-1;-1;-1;-1;-1;-1;-1;-1;-1;-1;-1;-1;-1;-1;-1;-1;-1;-1;-1;-1;-1;-1;-1;1821;1821;1821;1690;1627;1828;631;700;443;557;370;370;370;-1;396;396;396;371;545;-1;-1
-1;-1;-1;-1;-1;-1;-1;-1;-1;-1;-1;-1;-1;-1;-1;-1;-1;-1;-1;-1;-1;-1;-1;-1;-1;-1;-1;-1;-1;-1;-1;-1;-1;-1;-1;-1;-1;-1;-1;-1;-1;-1;-1;757;-1;0;0;168;1243;-1;-1
-1;-1;-1;-1;-1;-1;-1;-1;-1;-1;-1;-1;-1;-1;-1;-1;-1;-1;-1;-1;-1;-1;-1;-1;-1;-1;-1;-1;-1;-1;-1;-1;-1;-1;-1;-1;-1;-1;-1;-1;-1;-1;-1;757;0;-1;0;168;1243;-1;-1
-1;-1;-1;-1;-1;-1;-1;-1;-1;-1;-1;-1;-1;-1;-1;-1;-1;-1;-1;-1;-1;-1;-1;-1;-1;-1;-1;-1;-1;-1;-1;-1;-1;-1;-1;-1;-1;-1;-1;-1;-1;-1;-1;757;0;0;-1;168;1243;-1;-1
-1;-1;-1;-1;-1;-1;-1;-1;-1;-1;-1;-1;-1;-1;-1;-1;-1;-1;-1;-1;-1;-1;-1;-1;-1;-1;-1;-1;-1;-1;-1;-1;-1;-1;-1;-1;-1;-1;-1;-1;-1;-1;-1;524;89;89;89;-1;945;-1;-1
-1;-1;-1;-1;-1;-1;-1;-1;-1;-1;-1;-1;-1;-1;-1;-1;-1;-1;-1;-1;-1;-1;-1;-1;-1;-1;-1;1371;1371;1403;1178;1178;1178;-1;-1;-1;-1;-1;-1;722;-1;-1;-1;491;822;822;822;738;-1;717;717
-1;-1;-1;-1;-1;-1;-1;-1;-1;-1;-1;-1;-1;-1;-1;-1;-1;-1;-1;-1;-1;-1;-1;-1;-1;-1;-1;-1;-1;-1;-1;-1;-1;-1;-1;-1;-1;-1;-1;-1;-1;-1;-1;-1;-1;-1;-1;-1;-1;-1;0
-1;-1;-1;-1;-1;-1;-1;-1;-1;-1;-1;-1;-1;-1;-1;-1;-1;-1;-1;-1;-1;-1;-1;-1;-1;-1;-1;-1;-1;-1;-1;-1;-1;-1;-1;-1;-1;-1;-1;-1;-1;-1;-1;-1;-1;-1;-1;-1;-1;0;-1
