-1;0;169;499;499;499;499;499;499;499;499;499;561;561;561;561;561;561;561;561;561;860;1826;-1;894;-1;-1;-1;-1;-1;-1;-1;-1;-1;-1;-1;-1;-1;-1;-1;-1;-1;-1;-1;-1;-1;-1;-1;-1;-1;-1;-1;-1;-1;-1;-1;-1;-1;-1;-1;-1;-1;-1;-1;-1;-1;-1;-1;-1;-1;-1;-1;-1;-1;-1;-1;-1;-1;-1;-1;-1;-1;-1;-1;-1;-1;-1;-1;-1;-1;-1;-1;-1;865;865;610;804;804;131;131;131;131;131;131;1476;1075;1075;2062;-1;-1;-1;-1;-1;-1
0;-1;169;499;499;499;499;499;499;499;499;499;561;561;561;561;561;561;561;561;561;860;1826;-1;894;-1;-1;-1;-1;-1;-1;-1;-1;-1;-1;-1;-1;-1;-1;-1;-1;-1;-1;-1;-1;-1;-1;-1;-1;-1;-1;-1;-1;-1;-1;-1;-1;-1;-1;-1;-1;-1;-1;-1;-1;-1;-1;-1;-1;-1;-1;-1;-1;-1;-1;-1;-1;-1;-1;-1;-1;-1;-1;-1;-1;-1;-1;-1;-1;-1;-1;-1;-1;865;865;610;804;804;131;131;131;131;131;131;1476;1075;1075;2062;-1;-1;-1;-1;-1;-1
225;225;-1;182;182;182;182;182;182;182;182;182;304;304;304;304;304;304;304;304;304;535;1040;-1;220;830;830;-1;-1;-1;-1;-1;-1;-1;-1;-1;-1;-1;-1;-1;-1;-1;-1;-1;-1;-1;-1;-1;-1;-1;-1;-1;-1;-1;-1;-1;-1;-1;-1;-1;-1;-1;-1;-1;-1;-1;-1;-1;-1;-1;-1;-1;-1;-1;-1;-1;-1;-1;-1;-1;-1;-1;-1;-1;-1;-1;-1;-1;-1;-1;-1;-1;-1;605;605;437;1216;1216;428;428;428;428;428;428;2489;1504;1504;-1;-1;-1;-1;-1;-1;-1
785;785;270;-1;0;0;0;0;0;0;0;0;213;213;213;213;213;213;213;213;213;999;-1;-1;177;296;296;611;611;-1;-1;-1;-1;-1;-1;-1;-1;-1;-1;-1;-1;-1;-1;-1;-1;-1;-1;-1;-1;-1;-1;-1;-1;-1;-1;-1;-1;-1;-1;-1;-1;-1;-1;-1;-1;-1;-1;-1;-1;-1;-1;-1;-1;-1;-1;-1;-1;-1;-1;-1;-1;-1;-1;-1;-1;-1;-1;-1;-1;-1;-1;-1;-1;398;398;356;1589;1589;1180;1180;1180;1180;1180;1180;-1;-1;-1;-1;-1;-1;-1;-1;-1;-1
785;785;270;0;-1;0;0;0;0;0;0;0;213;213;213;213;213;213;213;213;213;999;-1;-1;177;296;296;611;611;-1;-1;-1;-1;-1;-1;-1;-1;-1;-1;-1;-1;-1;-1;-1;-1;-1;-1;-1;-1;-1;-1;-1;-1;-1;-1;-1;-1;-1;-1;-1;-1;-1;-1;-1;-1;-1;-1;-1;-1;-1;-1;-1;-1;-1;-1;-1;-1;-1;-1;-1;-1;-1;-1;-1;-1;-1;-1;-1;-1;-1;-1;-1;-1;398;398;356;1589;1589;1180;1180;1180;1180;1180;1180;-1;-1;-1;-1;-1;-1;-1;-1;-1;-1
785;785;270;0;0;-1;0;0;0;0;0;0;213;213;213;213;213;213;213;213;213;999;-1;-1;177;296;296;611;611;-1;-1;-1;-1;-1;-1;-1;-1;-1;-1;-1;-1;-1;-1;-1;-1;-1;-1;-1;-1;-1;-1;-1;-1;-1;-1;-1;-1;-1;-1;-1;-1;-1;-1;-1;-1;-1;-1;-1;-1;-1;-1;-1;-1;-1;-1;-1;-1;-1;-1;-1;-1;-1;-1;-1;-1;-1;-1;-1;-1;-1;-1;-1;-1;398;398;356;1589;1589;1180;1180;1180;1180;1180;1180;-1;-1;-1;-1;-1;-1;-1;-1;-1;-1
785;785;270;0;0;0;-1;0;0;0;0;0;213;213;213;213;213;213;213;213;213;999;-1;-1;177;296;296;611;611;-1;-1;-1;-1;-1;-1;-1;-1;-1;-1;-1;-1;-1;-1;-1;-1;-1;-1;-1;-1;-1;-1;-1;-1;-1;-1;-1;-1;-1;-1;-1;-1;-1;-1;-1;-1;-1;-1;-1;-1;-1;-1;-1;-1;-1;-1;-1;-1;-1;-1;-1;-1;-1;-1;-1;-1;-1;-1;-1;-1;-1;-1;-1;-1;398;398;356;1589;1589;1180;1180;1180;1180;1180;1180;-1;-1;-1;-1;-1;-1;-1;-1;-1;-1
785;785;270;0;0;0;0;-1;0;0;0;0;213;213;213;213;213;213;213;213;213;999;-1;-1;177;296;296;611;611;-1;-1;-1;-1;-1;-1;-1;-1;-1;-1;-1;-1;-1;-1;-1;-1;-1;-1;-1;-1;-1;-1;-1;-1;-1;-1;-1;-1;-1;-1;-1;-1;-1;-1;-1;-1;-1;-1;-1;-1;-1;-1;-1;-1;-1;-1;-1;-1;-1;-1;-1;-1;-1;-1;-1;-1;-1;-1;-1;-1;-1;-1;-1;-1;398;398;356;1589;1589;1180;1180;1180;1180;1180;1180;-1;-1;-1;-1;-1;-1;-1;-1;-1;-1
785;785;270;0;0;0;0;0;-1;0;0;0;213;213;213;213;213;213;213;213;213;999;-1;-1;177;296;296;611;611;-1;-1;-1;-1;-1;-1;-1;-1;-1;-1;-1;-1;-1;-1;-1;-1;-1;-1;-1;-1;-1;-1;-1;-1;-1;-1;-1;-1;-1;-1;-1;-1;-1;-1;-1;-1;-1;-1;-1;-1;-1;-1;-1;-1;-1;-1;-1;-1;-1;-1;-1;-1;-1;-1;-1;-1;-1;-1;-1;-1;-1;-1;-1;-1;398;398;356;1589;1589;1180;1180;1180;1180;1180;1180;-1;-1;-1;-1;-1;-1;-1;-1;-1;-1
785;785;270;0;0;0;0;0;0;-1;0;0;213;213;213;213;213;213;213;213;213;999;-1;-1;177;296;296;611;611;-1;-1;-1;-1;-1;-1;-1;-1;-1;-1;-1;-1;-1;-1;-1;-1;-1;-1;-1;-1;-1;-1;-1;-1;-1;-1;-1;-1;-1;-1;-1;-1;-1;-1;-1;-1;-1;-1;-1;-1;-1;-1;-1;-1;-1;-1;-1;-1;-1;-1;-1;-1;-1;-1;-1;-1;-1;-1;-1;-1;-1;-1;-1;-1;398;398;356;1589;1589;1180;1180;1180;1180;1180;1180;-1;-1;-1;-1;-1;-1;-1;-1;-1;-1
785;785;270;0;0;0;0;0;0;0;-1;0;213;213;213;213;213;213;213;213;213;999;-1;-1;177;296;296;611;611;-1;-1;-1;-1;-1;-1;-1;-1;-1;-1;-1;-1;-1;-1;-1;-1;-1;-1;-1;-1;-1;-1;-1;-1;-1;-1;-1;-1;-1;-1;-1;-1;-1;-1;-1;-1;-1;-1;-1;-1;-1;-1;-1;-1;-1;-1;-1;-1;-1;-1;-1;-1;-1;-1;-1;-1;-1;-1;-1;-1;-1;-1;-1;-1;398;398;356;1589;1589;1180;1180;1180;1180;1180;1180;-1;-1;-1;-1;-1;-1;-1;-1;-1;-1
785;785;270;0;0;0;0;0;0;0;0;-1;213;213;213;213;213;213;213;213;213;999;-1;-1;177;296;296;611;611;-1;-1;-1;-1;-1;-1;-1;-1;-1;-1;-1;-1;-1;-1;-1;-1;-1;-1;-1;-1;-1;-1;-1;-1;-1;-1;-1;-1;-1;-1;-1;-1;-1;-1;-1;-1;-1;-1;-1;-1;-1;-1;-1;-1;-1;-1;-1;-1;-1;-1;-1;-1;-1;-1;-1;-1;-1;-1;-1;-1;-1;-1;-1;-1;398;398;356;1589;1589;1180;1180;1180;1180;1180;1180;-1;-1;-1;-1;-1;-1;-1;-1;-1;-1
722;722;329;191;191;191;191;191;191;191;191;191;-1;0;0;0;0;0;0;0;0;526;1155;-1;922;1689;1689;1233;1233;-1;-1;-1;-1;-1;-1;-1;-1;-1;-1;-1;-1;-1;-1;-1;-1;-1;-1;-1;-1;-1;-1;-1;-1;-1;-1;-1;-1;-1;-1;-1;-1;-1;-1;-1;-1;-1;-1;-1;-1;-1;-1;-1;-1;-1;-1;-1;-1;-1;-1;-1;-1;-1;-1;-1;-1;-1;-1;-1;-1;-1;-1;-1;-1;706;706;720;288;288;1270;1270;1270;1270;1270;1270;-1;-1;-1;-1;-1;-1;-1;-1;-1;-1
722;722;329;191;191;191;191;191;191;191;191;191;0;-1;0;0;0;0;0;0;0;526;1155;-1;922;1689;1689;1233;1233;-1;-1;-1;-1;-1;-1;-1;-1;-1;-1;-1;-1;-1;-1;-1;-1;-1;-1;-1;-1;-1;-1;-1;-1;-1;-1;-1;-1;-1;-1;-1;-1;-1;-1;-1;-1;-1;-1;-1;-1;-1;-1;-1;-1;-1;-1;-1;-1;-1;-1;-1;-1;-1;-1;-1;-1;-1;-1;-1;-1;-1;-1;-1;-1;706;706;720;288;288;1270;1270;1270;1270;1270;1270;-1;-1;-1;-1;-1;-1;-1;-1;-1;-1
722;722;329;191;191;191;191;191;191;191;191;191;0;0;-1;0;0;0;0;0;0;526;1155;-1;922;1689;1689;1233;1233;-1;-1;-1;-1;-1;-1;-1;-1;-1;-1;-1;-1;-1;-1;-1;-1;-1;-1;-1;-1;-1;-1;-1;-1;-1;-1;-1;-1;-1;-1;-1;-1;-1;-1;-1;-1;-1;-1;-1;-1;-1;-1;-1;-1;-1;-1;-1;-1;-1;-1;-1;-1;-1;-1;-1;-1;-1;-1;-1;-1;-1;-1;-1;-1;706;706;720;288;288;1270;1270;1270;1270;1270;1270;-1;-1;-1;-1;-1;-1;-1;-1;-1;-1
722;722;329;191;191;191;191;191;191;191;191;191;0;0;0;-1;0;0;0;0;0;526;1155;-1;922;1689;1689;1233;1233;-1;-1;-1;-1;-1;-1;-1;-1;-1;-1;-1;-1;-1;-1;-1;-1;-1;-1;-1;-1;-1;-1;-1;-1;-1;-1;-1;-1;-1;-1;-1;-1;-1;-1;-1;-1;-1;-1;-1;-1;-1;-1;-1;-1;-1;-1;-1;-1;-1;-1;-1;-1;-1;-1;-1;-1;-1;-1;-1;-1;-1;-1;-1;-1;706;706;720;288;288;1270;1270;1270;1270;1270;1270;-1;-1;-1;-1;-1;-1;-1;-1;-1;-1
722;722;329;191;191;191;191;191;191;191;191;191;0;0;0;0;-1;0;0;0;0;526;1155;-1;922;1689;1689;1233;1233;-1;-1;-1;-1;-1;-1;-1;-1;-1;-1;-1;-1;-1;-1;-1;-1;-1;-1;-1;-1;-1;-1;-1;-1;-1;-1;-1;-1;-1;-1;-1;-1;-1;-1;-1;-1;-1;-1;-1;-1;-1;-1;-1;-1;-1;-1;-1;-1;-1;-1;-1;-1;-1;-1;-1;-1;-1;-1;-1;-1;-1;-1;-1;-1;706;706;720;288;288;1270;1270;1270;1270;1270;1270;-1;-1;-1;-1;-1;-1;-1;-1;-1;-1
722;722;329;191;191;191;191;191;191;191;191;191;0;0;0;0;0;-1;0;0;0;526;1155;-1;922;1689;1689;1233;1233;-1;-1;-1;-1;-1;-1;-1;-1;-1;-1;-1;-1;-1;-1;-1;-1;-1;-1;-1;-1;-1;-1;-1;-1;-1;-1;-1;-1;-1;-1;-1;-1;-1;-1;-1;-1;-1;-1;-1;-1;-1;-1;-1;-1;-1;-1;-1;-1;-1;-1;-1;-1;-1;-1;-1;-1;-1;-1;-1;-1;-1;-1;-1;-1;706;706;720;288;288;1270;1270;1270;1270;1270;1270;-1;-1;-1;-1;-1;-1;-1;-1;-1;-1
722;722;329;191;191;191;191;191;191;191;191;191;0;0;0;0;0;0;-1;0;0;526;1155;-1;922;1689;1689;1233;1233;-1;-1;-1;-1;-1;-1;-1;-1;-1;-1;-1;-1;-1;-1;-1;-1;-1;-1;-1;-1;-1;-1;-1;-1;-1;-1;-1;-1;-1;-1;-1;-1;-1;-1;-1;-1;-1;-1;-1;-1;-1;-1;-1;-1;-1;-1;-1;-1;-1;-1;-1;-1;-1;-1;-1;-1;-1;-1;-1;-1;-1;-1;-1;-1;706;706;720;288;288;1270;1270;1270;1270;1270;1270;-1;-1;-1;-1;-1;-1;-1;-1;-1;-1
722;722;329;191;191;191;191;191;191;191;191;191;0;0;0;0;0;0;0;-1;0;526;1155;-1;922;1689;1689;1233;1233;-1;-1;-1;-1;-1;-1;-1;-1;-1;-1;-1;-1;-1;-1;-1;-1;-1;-1;-1;-1;-1;-1;-1;-1;-1;-1;-1;-1;-1;-1;-1;-1;-1;-1;-1;-1;-1;-1;-1;-1;-1;-1;-1;-1;-1;-1;-1;-1;-1;-1;-1;-1;-1;-1;-1;-1;-1;-1;-1;-1;-1;-1;-1;-1;706;706;720;288;288;1270;1270;1270;1270;1270;1270;-1;-1;-1;-1;-1;-1;-1;-1;-1;-1
722;722;329;191;191;191;191;191;191;191;191;191;0;0;0;0;0;0;0;0;-1;526;1155;-1;922;1689;1689;1233;1233;-1;-1;-1;-1;-1;-1;-1;-1;-1;-1;-1;-1;-1;-1;-1;-1;-1;-1;-1;-1;-1;-1;-1;-1;-1;-1;-1;-1;-1;-1;-1;-1;-1;-1;-1;-1;-1;-1;-1;-1;-1;-1;-1;-1;-1;-1;-1;-1;-1;-1;-1;-1;-1;-1;-1;-1;-1;-1;-1;-1;-1;-1;-1;-1;706;706;720;288;288;1270;1270;1270;1270;1270;1270;-1;-1;-1;-1;-1;-1;-1;-1;-1;-1
429;429;416;608;608;608;608;608;608;608;608;608;293;293;293;293;293;293;293;293;293;-1;249;2400;763;-1;-1;-1;-1;-1;-1;-1;-1;-1;-1;-1;-1;-1;-1;-1;-1;-1;-1;-1;-1;-1;-1;-1;-1;-1;-1;-1;-1;-1;-1;-1;-1;-1;-1;-1;-1;-1;-1;-1;-1;-1;-1;-1;-1;-1;-1;-1;-1;-1;-1;-1;-1;-1;-1;-1;-1;-1;-1;-1;-1;-1;-1;-1;-1;-1;-1;-1;-1;-1;-1;-1;704;704;-1;-1;-1;-1;-1;-1;-1;-1;-1;-1;-1;-1;-1;-1;-1;-1
1004;1004;467;781;781;781;781;781;781;781;781;781;675;675;675;675;675;675;675;675;675;206;-1;1140;405;-1;-1;-1;-1;-1;-1;-1;-1;-1;-1;-1;-1;-1;-1;-1;-1;-1;-1;-1;-1;-1;-1;-1;-1;-1;-1;-1;-1;-1;-1;-1;-1;-1;-1;-1;-1;-1;-1;-1;-1;-1;-1;-1;-1;-1;-1;-1;-1;-1;-1;-1;-1;-1;-1;-1;-1;-1;-1;-1;-1;-1;-1;-1;-1;-1;-1;-1;-1;-1;-1;-1;1658;1658;-1;-1;-1;-1;-1;-1;-1;-1;-1;-1;-1;-1;-1;-1;-1;-1
-1;-1;815;1009;1009;1009;1009;1009;1009;1009;1009;1009;2284;2284;2284;2284;2284;2284;2284;2284;2284;1771;818;-1;626;-1;-1;-1;-1;-1;-1;-1;-1;-1;-1;-1;-1;-1;-1;-1;-1;-1;-1;-1;-1;-1;-1;-1;-1;-1;-1;-1;-1;-1;-1;-1;-1;-1;-1;-1;-1;-1;-1;-1;-1;-1;-1;-1;-1;-1;-1;-1;-1;-1;-1;-1;-1;-1;-1;-1;-1;-1;-1;-1;-1;-1;-1;-1;-1;-1;-1;-1;-1;-1;-1;-1;-1;-1;-1;-1;-1;-1;-1;-1;-1;-1;-1;-1;-1;-1;-1;-1;-1;-1
581;581;236;147;147;147;147;147;147;147;147;147;827;827;827;827;827;827;827;827;827;988;792;1044;-1;316;316;-1;-1;-1;-1;-1;-1;-1;-1;-1;-1;-1;-1;-1;-1;-1;-1;-1;-1;-1;-1;-1;-1;-1;-1;-1;-1;-1;-1;-1;-1;-1;-1;-1;-1;-1;-1;-1;-1;-1;-1;-1;-1;-1;-1;-1;-1;-1;-1;-1;-1;-1;-1;-1;-1;-1;-1;-1;-1;-1;-1;-1;-1;-1;-1;-1;-1;864;864;-1;2068;2068;-1;-1;-1;-1;-1;-1;-1;-1;-1;-1;-1;-1;-1;-1;-1;-1
-1;-1;986;375;375;375;375;375;375;375;375;375;1683;1683;1683;1683;1683;1683;1683;1683;1683;-1;-1;-1;522;-1;0;341;341;-1;-1;-1;-1;-1;-1;-1;-1;-1;-1;-1;-1;-1;-1;-1;-1;-1;-1;-1;-1;-1;-1;-1;-1;-1;-1;-1;-1;-1;-1;-1;-1;-1;-1;-1;-1;-1;-1;-1;-1;-1;-1;-1;-1;-1;-1;-1;-1;-1;-1;-1;-1;-1;-1;-1;-1;-1;-1;-1;-1;-1;-1;-1;-1;-1;-1;-1;-1;-1;-1;-1;-1;-1;-1;-1;-1;-1;-1;-1;-1;-1;-1;-1;-1;-1
-1;-1;986;375;375;375;375;375;375;375;375;375;1683;1683;1683;1683;1683;1683;1683;1683;1683;-1;-1;-1;522;0;-1;341;341;-1;-1;-1;-1;-1;-1;-1;-1;-1;-1;-1;-1;-1;-1;-1;-1;-1;-1;-1;-1;-1;-1;-1;-1;-1;-1;-1;-1;-1;-1;-1;-1;-1;-1;-1;-1;-1;-1;-1;-1;-1;-1;-1;-1;-1;-1;-1;-1;-1;-1;-1;-1;-1;-1;-1;-1;-1;-1;-1;-1;-1;-1;-1;-1;-1;-1;-1;-1;-1;-1;-1;-1;-1;-1;-1;-1;-1;-1;-1;-1;-1;-1;-1;-1;-1
-1;-1;-1;-1;-1;-1;-1;-1;-1;-1;-1;-1;-1;-1;-1;-1;-1;-1;-1;-1;-1;-1;-1;-1;-1;531;531;-1;0;774;774;774;774;-1;-1;-1;-1;-1;-1;-1;-1;-1;-1;-1;-1;-1;-1;-1;-1;-1;-1;-1;-1;-1;-1;-1;-1;-1;-1;-1;-1;-1;-1;-1;-1;-1;-1;-1;-1;-1;-1;-1;-1;-1;-1;-1;-1;-1;-1;-1;-1;-1;-1;-1;-1;-1;-1;-1;-1;-1;-1;-1;-1;768;768;1250;-1;-1;-1;-1;-1;-1;-1;-1;-1;-1;-1;-1;-1;-1;-1;-1;-1;-1
-1;-1;-1;-1;-1;-1;-1;-1;-1;-1;-1;-1;-1;-1;-1;-1;-1;-1;-1;-1;-1;-1;-1;-1;-1;531;531;0;-1;774;774;774;774;-1;-1;-1;-1;-1;-1;-1;-1;-1;-1;-1;-1;-1;-1;-1;-1;-1;-1;-1;-1;-1;-1;-1;-1;-1;-1;-1;-1;-1;-1;-1;-1;-1;-1;-1;-1;-1;-1;-1;-1;-1;-1;-1;-1;-1;-1;-1;-1;-1;-1;-1;-1;-1;-1;-1;-1;-1;-1;-1;-1;768;768;1250;-1;-1;-1;-1;-1;-1;-1;-1;-1;-1;-1;-1;-1;-1;-1;-1;-1;-1
-1;-1;-1;-1;-1;-1;-1;-1;-1;-1;-1;-1;-1;-1;-1;-1;-1;-1;-1;-1;-1;-1;-1;-1;-1;-1;-1;-1;-1;-1;0;0;0;1931;-1;-1;-1;-1;-1;-1;-1;-1;-1;-1;-1;-1;-1;-1;-1;-1;-1;-1;-1;-1;-1;-1;-1;-1;-1;-1;-1;-1;-1;-1;-1;-1;-1;-1;-1;-1;-1;-1;-1;-1;-1;-1;-1;-1;-1;-1;-1;-1;-1;-1;-1;-1;-1;-1;-1;-1;-1;-1;-1;-1;-1;-1;-1;-1;-1;-1;-1;-1;-1;-1;-1;-1;-1;-1;-1;-1;-1;-1;-1;-1
-1;-1;-1;-1;-1;-1;-1;-1;-1;-1;-1;-1;-1;-1;-1;-1;-1;-1;-1;-1;-1;-1;-1;-1;-1;-1;-1;-1;-1;0;-1;0;0;1931;-1;-1;-1;-1;-1;-1;-1;-1;-1;-1;-1;-1;-1;-1;-1;-1;-1;-1;-1;-1;-1;-1;-1;-1;-1;-1;-1;-1;-1;-1;-1;-1;-1;-1;-1;-1;-1;-1;-1;-1;-1;-1;-1;-1;-1;-1;-1;-1;-1;-1;-1;-1;-1;-1;-1;-1;-1;-1;-1;-1;-1;-1;-1;-1;-1;-1;-1;-1;-1;-1;-1;-1;-1;-1;-1;-1;-1;-1;-1;-1
-1;-1;-1;-1;-1;-1;-1;-1;-1;-1;-1;-1;-1;-1;-1;-1;-1;-1;-1;-1;-1;-1;-1;-1;-1;-1;-1;-1;-1;0;0;-1;0;1931;-1;-1;-1;-1;-1;-1;-1;-1;-1;-1;-1;-1;-1;-1;-1;-1;-1;-1;-1;-1;-1;-1;-1;-1;-1;-1;-1;-1;-1;-1;-1;-1;-1;-1;-1;-1;-1;-1;-1;-1;-1;-1;-1;-1;-1;-1;-1;-1;-1;-1;-1;-1;-1;-1;-1;-1;-1;-1;-1;-1;-1;-1;-1;-1;-1;-1;-1;-1;-1;-1;-1;-1;-1;-1;-1;-1;-1;-1;-1;-1
-1;-1;-1;-1;-1;-1;-1;-1;-1;-1;-1;-1;-1;-1;-1;-1;-1;-1;-1;-1;-1;-1;-1;-1;-1;-1;-1;-1;-1;0;0;0;-1;1931;-1;-1;-1;-1;-1;-1;-1;-1;-1;-1;-1;-1;-1;-1;-1;-1;-1;-1;-1;-1;-1;-1;-1;-1;-1;-1;-1;-1;-1;-1;-1;-1;-1;-1;-1;-1;-1;-1;-1;-1;-1;-1;-1;-1;-1;-1;-1;-1;-1;-1;-1;-1;-1;-1;-1;-1;-1;-1;-1;-1;-1;-1;-1;-1;-1;-1;-1;-1;-1;-1;-1;-1;-1;-1;-1;-1;-1;-1;-1;-1
-1;-1;-1;-1;-1;-1;-1;-1;-1;-1;-1;-1;-1;-1;-1;-1;-1;-1;-1;-1;-1;-1;-1;-1;-1;-1;-1;-1;-1;2488;2488;2488;2488;-1;250;250;525;604;845;845;845;845;845;845;759;759;759;759;759;1098;1098;1098;1098;1098;1098;1098;1098;1098;1098;1098;1098;1098;1098;1098;1098;1098;1098;1098;1098;1098;1098;1098;1098;1098;1098;1098;1098;1098;1098;1098;1098;1098;1098;1098;1098;1098;845;845;1098;1098;1098;1098;1098;-1;-1;-1;-1;-1;-1;-1;-1;-1;-1;-1;-1;-1;-1;-1;-1;-1;-1;1454;1454;-1
-1;-1;-1;-1;-1;-1;-1;-1;-1;-1;-1;-1;-1;-1;-1;-1;-1;-1;-1;-1;-1;-1;-1;-1;-1;-1;-1;-1;-1;-1;-1;-1;-1;357;-1;0;183;631;-1;-1;-1;-1;-1;-1;-1;-1;-1;-1;-1;-1;-1;-1;-1;-1;-1;-1;-1;-1;-1;-1;-1;-1;-1;-1;-1;-1;-1;-1;-1;-1;-1;-1;-1;-1;-1;-1;-1;-1;-1;-1;-1;-1;-1;-1;-1;-1;-1;-1;-1;-1;-1;-1;-1;-1;-1;-1;-1;-1;-1;-1;-1;-1;-1;-1;-1;-1;-1;-1;-1;-1;-1;825;825;-1
-1;-1;-1;-1;-1;-1;-1;-1;-1;-1;-1;-1;-1;-1;-1;-1;-1;-1;-1;-1;-1;-1;-1;-1;-1;-1;-1;-1;-1;-1;-1;-1;-1;357;0;-1;183;631;-1;-1;-1;-1;-1;-1;-1;-1;-1;-1;-1;-1;-1;-1;-1;-1;-1;-1;-1;-1;-1;-1;-1;-1;-1;-1;-1;-1;-1;-1;-1;-1;-1;-1;-1;-1;-1;-1;-1;-1;-1;-1;-1;-1;-1;-1;-1;-1;-1;-1;-1;-1;-1;-1;-1;-1;-1;-1;-1;-1;-1;-1;-1;-1;-1;-1;-1;-1;-1;-1;-1;-1;-1;825;825;-1
-1;-1;-1;-1;-1;-1;-1;-1;-1;-1;-1;-1;-1;-1;-1;-1;-1;-1;-1;-1;-1;-1;-1;-1;-1;-1;-1;-1;-1;-1;-1;-1;-1;732;118;118;-1;509;-1;-1;-1;-1;-1;-1;-1;-1;-1;-1;-1;-1;-1;-1;-1;-1;-1;-1;-1;-1;-1;-1;-1;-1;-1;-1;-1;-1;-1;-1;-1;-1;-1;-1;-1;-1;-1;-1;-1;-1;-1;-1;-1;-1;-1;-1;-1;-1;-1;-1;-1;-1;-1;-1;-1;-1;-1;-1;-1;-1;-1;-1;-1;-1;-1;-1;-1;-1;-1;-1;-1;774;637;295;295;774
-1;-1;-1;-1;-1;-1;-1;-1;-1;-1;-1;-1;-1;-1;-1;-1;-1;-1;-1;-1;-1;-1;-1;-1;-1;-1;-1;-1;-1;-1;-1;-1;-1;357;398;398;259;-1;124;124;124;124;124;124;152;152;152;152;152;196;196;196;196;196;196;196;196;196;196;196;196;196;196;196;196;196;196;196;196;196;196;196;196;196;196;196;196;196;196;196;196;196;196;196;196;196;124;124;196;196;196;196;196;653;653;642;-1;-1;-1;-1;-1;-1;-1;-1;-1;-1;-1;535;-1;1195;903;539;539;1195
-1;-1;-1;-1;-1;-1;-1;-1;-1;-1;-1;-1;-1;-1;-1;-1;-1;-1;-1;-1;-1;-1;-1;-1;-1;-1;-1;-1;-1;1263;1263;1263;1263;615;401;401;511;150;-1;0;0;0;0;0;5;5;5;5;5;53;53;53;53;53;53;53;53;53;53;53;53;53;53;53;53;53;53;53;53;53;53;53;53;53;53;53;53;53;53;53;53;53;53;53;53;53;0;0;53;53;53;53;53;376;376;647;-1;-1;-1;-1;-1;-1;-1;-1;-1;-1;-1;1389;-1;1882;1553;988;988;1882
-1;-1;-1;-1;-1;-1;-1;-1;-1;-1;-1;-1;-1;-1;-1;-1;-1;-1;-1;-1;-1;-1;-1;-1;-1;-1;-1;-1;-1;1263;1263;1263;1263;615;401;401;511;150;0;-1;0;0;0;0;5;5;5;5;5;53;53;53;53;53;53;53;53;53;53;53;53;53;53;53;53;53;53;53;53;53;53;53;53;53;53;53;53;53;53;53;53;53;53;53;53;53;0;0;53;53;53;53;53;376;376;647;-1;-1;-1;-1;-1;-1;-1;-1;-1;-1;-1;1389;-1;1882;1553;988;988;1882
-1;-1;-1;-1;-1;-1;-1;-1;-1;-1;-1;-1;-1;-1;-1;-1;-1;-1;-1;-1;-1;-1;-1;-1;-1;-1;-1;-1;-1;1263;1263;1263;1263;615;401;401;511;150;0;0;-1;0;0;0;5;5;5;5;5;53;53;53;53;53;53;53;53;53;53;53;53;53;53;53;53;53;53;53;53;53;53;53;53;53;53;53;53;53;53;53;53;53;53;53;53;53;0;0;53;53;53;53;53;376;376;647;-1;-1;-1;-1;-1;-1;-1;-1;-1;-1;-1;1389;-1;1882;1553;988;988;1882
-1;-1;-1;-1;-1;-1;-1;-1;-1;-1;-1;-1;-1;-1;-1;-1;-1;-1;-1;-1;-1;-1;-1;-1;-1;-1;-1;-1;-1;1263;1263;1263;1263;615;401;401;511;150;0;0;0;-1;0;0;5;5;5;5;5;53;53;53;53;53;53;53;53;53;53;53;53;53;53;53;53;53;53;53;53;53;53;53;53;53;53;53;53;53;53;53;53;53;53;53;53;53;0;0;53;53;53;53;53;376;376;647;-1;-1;-1;-1;-1;-1;-1;-1;-1;-1;-1;1389;-1;1882;1553;988;988;1882
-1;-1;-1;-1;-1;-1;-1;-1;-1;-1;-1;-1;-1;-1;-1;-1;-1;-1;-1;-1;-1;-1;-1;-1;-1;-1;-1;-1;-1;1263;1263;1263;1263;615;401;401;511;150;0;0;0;0;-1;0;5;5;5;5;5;53;53;53;53;53;53;53;53;53;53;53;53;53;53;53;53;53;53;53;53;53;53;53;53;53;53;53;53;53;53;53;53;53;53;53;53;53;0;0;53;53;53;53;53;376;376;647;-1;-1;-1;-1;-1;-1;-1;-1;-1;-1;-1;1389;-1;1882;1553;988;988;1882
-1;-1;-1;-1;-1;-1;-1;-1;-1;-1;-1;-1;-1;-1;-1;-1;-1;-1;-1;-1;-1;-1;-1;-1;-1;-1;-1;-1;-1;1263;1263;1263;1263;615;401;401;511;150;0;0;0;0;0;-1;5;5;5;5;5;53;53;53;53;53;53;53;53;53;53;53;53;53;53;53;53;53;53;53;53;53;53;53;53;53;53;53;53;53;53;53;53;53;53;53;53;53;0;0;53;53;53;53;53;376;376;647;-1;-1;-1;-1;-1;-1;-1;-1;-1;-1;-1;1389;-1;1882;1553;988;988;1882
-1;-1;-1;-1;-1;-1;-1;-1;-1;-1;-1;-1;-1;-1;-1;-1;-1;-1;-1;-1;-1;-1;-1;-1;-1;-1;-1;-1;-1;1152;1152;1152;1152;577;363;363;509;203;10;10;10;10;10;10;-1;0;0;0;0;50;50;50;50;50;50;50;50;50;50;50;50;50;50;50;50;50;50;50;50;50;50;50;50;50;50;50;50;50;50;50;50;50;50;50;50;50;10;10;50;50;50;50;50;475;475;793;-1;-1;-1;-1;-1;-1;-1;-1;-1;-1;-1;1568;-1;2043;1694;1072;1072;2043
-1;-1;-1;-1;-1;-1;-1;-1;-1;-1;-1;-1;-1;-1;-1;-1;-1;-1;-1;-1;-1;-1;-1;-1;-1;-1;-1;-1;-1;1152;1152;1152;1152;577;363;363;509;203;10;10;10;10;10;10;0;-1;0;0;0;50;50;50;50;50;50;50;50;50;50;50;50;50;50;50;50;50;50;50;50;50;50;50;50;50;50;50;50;50;50;50;50;50;50;50;50;50;10;10;50;50;50;50;50;475;475;793;-1;-1;-1;-1;-1;-1;-1;-1;-1;-1;-1;1568;-1;2043;1694;1072;1072;2043
-1;-1;-1;-1;-1;-1;-1;-1;-1;-1;-1;-1;-1;-1;-1;-1;-1;-1;-1;-1;-1;-1;-1;-1;-1;-1;-1;-1;-1;1152;1152;1152;1152;577;363;363;509;203;10;10;10;10;10;10;0;0;-1;0;0;50;50;50;50;50;50;50;50;50;50;50;50;50;50;50;50;50;50;50;50;50;50;50;50;50;50;50;50;50;50;50;50;50;50;50;50;50;10;10;50;50;50;50;50;475;475;793;-1;-1;-1;-1;-1;-1;-1;-1;-1;-1;-1;1568;-1;2043;1694;1072;1072;2043
-1;-1;-1;-1;-1;-1;-1;-1;-1;-1;-1;-1;-1;-1;-1;-1;-1;-1;-1;-1;-1;-1;-1;-1;-1;-1;-1;-1;-1;1152;1152;1152;1152;577;363;363;509;203;10;10;10;10;10;10;0;0;0;-1;0;50;50;50;50;50;50;50;50;50;50;50;50;50;50;50;50;50;50;50;50;50;50;50;50;50;50;50;50;50;50;50;50;50;50;50;50;50;10;10;50;50;50;50;50;475;475;793;-1;-1;-1;-1;-1;-1;-1;-1;-1;-1;-1;1568;-1;2043;1694;1072;1072;2043
-1;-1;-1;-1;-1;-1;-1;-1;-1;-1;-1;-1;-1;-1;-1;-1;-1;-1;-1;-1;-1;-1;-1;-1;-1;-1;-1;-1;-1;1152;1152;1152;1152;577;363;363;509;203;10;10;10;10;10;10;0;0;0;0;-1;50;50;50;50;50;50;50;50;50;50;50;50;50;50;50;50;50;50;50;50;50;50;50;50;50;50;50;50;50;50;50;50;50;50;50;50;50;10;10;50;50;50;50;50;475;475;793;-1;-1;-1;-1;-1;-1;-1;-1;-1;-1;-1;1568;-1;2043;1694;1072;1072;2043
-1;-1;-1;-1;-1;-1;-1;-1;-1;-1;-1;-1;-1;-1;-1;-1;-1;-1;-1;-1;-1;-1;-1;-1;-1;-1;-1;-1;-1;861;861;861;861;785;514;514;655;241;56;56;56;56;56;56;50;50;50;50;50;-1;0;0;0;0;0;0;0;0;0;0;0;0;0;0;0;0;0;0;0;0;0;0;0;0;0;0;0;0;0;0;0;0;0;0;0;0;56;56;0;0;0;0;0;402;402;711;-1;-1;-1;-1;-1;-1;-1;-1;-1;-1;-1;1786;-1;2179;1838;-1;-1;2179
-1;-1;-1;-1;-1;-1;-1;-1;-1;-1;-1;-1;-1;-1;-1;-1;-1;-1;-1;-1;-1;-1;-1;-1;-1;-1;-1;-1;-1;861;861;861;861;785;514;514;655;241;56;56;56;56;56;56;50;50;50;50;50;0;-1;0;0;0;0;0;0;0;0;0;0;0;0;0;0;0;0;0;0;0;0;0;0;0;0;0;0;0;0;0;0;0;0;0;0;0;56;56;0;0;0;0;0;402;402;711;-1;-1;-1;-1;-1;-1;-1;-1;-1;-1;-1;1786;-1;2179;1838;-1;-1;2179
-1;-1;-1;-1;-1;-1;-1;-1;-1;-1;-1;-1;-1;-1;-1;-1;-1;-1;-1;-1;-1;-1;-1;-1;-1;-1;-1;-1;-1;861;861;861;861;785;514;514;655;241;56;56;56;56;56;56;50;50;50;50;50;0;0;-1;0;0;0;0;0;0;0;0;0;0;0;0;0;0;0;0;0;0;0;0;0;0;0;0;0;0;0;0;0;0;0;0;0;0;56;56;0;0;0;0;0;402;402;711;-1;-1;-1;-1;-1;-1;-1;-1;-1;-1;-1;1786;-1;2179;1838;-1;-1;2179
-1;-1;-1;-1;-1;-1;-1;-1;-1;-1;-1;-1;-1;-1;-1;-1;-1;-1;-1;-1;-1;-1;-1;-1;-1;-1;-1;-1;-1;861;861;861;861;785;514;514;655;241;56;56;56;56;56;56;50;50;50;50;50;0;0;0;-1;0;0;0;0;0;0;0;0;0;0;0;0;0;0;0;0;0;0;0;0;0;0;0;0;0;0;0;0;0;0;0;0;0;56;56;0;0;0;0;0;402;402;711;-1;-1;-1;-1;-1;-1;-1;-1;-1;-1;-1;1786;-1;2179;1838;-1;-1;2179
-1;-1;-1;-1;-1;-1;-1;-1;-1;-1;-1;-1;-1;-1;-1;-1;-1;-1;-1;-1;-1;-1;-1;-1;-1;-1;-1;-1;-1;861;861;861;861;785;514;514;655;241;56;56;56;56;56;56;50;50;50;50;50;0;0;0;0;-1;0;0;0;0;0;0;0;0;0;0;0;0;0;0;0;0;0;0;0;0;0;0;0;0;0;0;0;0;0;0;0;0;56;56;0;0;0;0;0;402;402;711;-1;-1;-1;-1;-1;-1;-1;-1;-1;-1;-1;1786;-1;2179;1838;-1;-1;2179
-1;-1;-1;-1;-1;-1;-1;-1;-1;-1;-1;-1;-1;-1;-1;-1;-1;-1;-1;-1;-1;-1;-1;-1;-1;-1;-1;-1;-1;861;861;861;861;785;514;514;655;241;56;56;56;56;56;56;50;50;50;50;50;0;0;0;0;0;-1;0;0;0;0;0;0;0;0;0;0;0;0;0;0;0;0;0;0;0;0;0;0;0;0;0;0;0;0;0;0;0;56;56;0;0;0;0;0;402;402;711;-1;-1;-1;-1;-1;-1;-1;-1;-1;-1;-1;1786;-1;2179;1838;-1;-1;2179
-1;-1;-1;-1;-1;-1;-1;-1;-1;-1;-1;-1;-1;-1;-1;-1;-1;-1;-1;-1;-1;-1;-1;-1;-1;-1;-1;-1;-1;861;861;861;861;785;514;514;655;241;56;56;56;56;56;56;50;50;50;50;50;0;0;0;0;0;0;-1;0;0;0;0;0;0;0;0;0;0;0;0;0;0;0;0;0;0;0;0;0;0;0;0;0;0;0;0;0;0;56;56;0;0;0;0;0;402;402;711;-1;-1;-1;-1;-1;-1;-1;-1;-1;-1;-1;1786;-1;2179;1838;-1;-1;2179
-1;-1;-1;-1;-1;-1;-1;-1;-1;-1;-1;-1;-1;-1;-1;-1;-1;-1;-1;-1;-1;-1;-1;-1;-1;-1;-1;-1;-1;861;861;861;861;785;514;514;655;241;56;56;56;56;56;56;50;50;50;50;50;0;0;0;0;0;0;0;-1;0;0;0;0;0;0;0;0;0;0;0;0;0;0;0;0;0;0;0;0;0;0;0;0;0;0;0;0;0;56;56;0;0;0;0;0;402;402;711;-1;-1;-1;-1;-1;-1;-1;-1;-1;-1;-1;1786;-1;2179;1838;-1;-1;2179
-1;-1;-1;-1;-1;-1;-1;-1;-1;-1;-1;-1;-1;-1;-1;-1;-1;-1;-1;-1;-1;-1;-1;-1;-1;-1;-1;-1;-1;861;861;861;861;785;514;514;655;241;56;56;56;56;56;56;50;50;50;50;50;0;0;0;0;0;0;0;0;-1;0;0;0;0;0;0;0;0;0;0;0;0;0;0;0;0;0;0;0;0;0;0;0;0;0;0;0;0;56;56;0;0;0;0;0;402;402;711;-1;-1;-1;-1;-1;-1;-1;-1;-1;-1;-1;1786;-1;2179;1838;-1;-1;2179
-1;-1;-1;-1;-1;-1;-1;-1;-1;-1;-1;-1;-1;-1;-1;-1;-1;-1;-1;-1;-1;-1;-1;-1;-1;-1;-1;-1;-1;861;861;861;861;785;514;514;655;241;56;56;56;56;56;56;50;50;50;50;50;0;0;0;0;0;0;0;0;0;-1;0;0;0;0;0;0;0;0;0;0;0;0;0;0;0;0;0;0;0;0;0;0;0;0;0;0;0;56;56;0;0;0;0;0;402;402;711;-1;-1;-1;-1;-1;-1;-1;-1;-1;-1;-1;1786;-1;2179;1838;-1;-1;2179
-1;-1;-1;-1;-1;-1;-1;-1;-1;-1;-1;-1;-1;-1;-1;-1;-1;-1;-1;-1;-1;-1;-1;-1;-1;-1;-1;-1;-1;861;861;861;861;785;514;514;655;241;56;56;56;56;56;56;50;50;50;50;50;0;0;0;0;0;0;0;0;0;0;-1;0;0;0;0;0;0;0;0;0;0;0;0;0;0;0;0;0;0;0;0;0;0;0;0;0;0;56;56;0;0;0;0;0;402;402;711;-1;-1;-1;-1;-1;-1;-1;-1;-1;-1;-1;1786;-1;2179;1838;-1;-1;2179
-1;-1;-1;-1;-1;-1;-1;-1;-1;-1;-1;-1;-1;-1;-1;-1;-1;-1;-1;-1;-1;-1;-1;-1;-1;-1;-1;-1;-1;861;861;861;861;785;514;514;655;241;56;56;56;56;56;56;50;50;50;50;50;0;0;0;0;0;0;0;0;0;0;0;-1;0;0;0;0;0;0;0;0;0;0;0;0;0;0;0;0;0;0;0;0;0;0;0;0;0;56;56;0;0;0;0;0;402;402;711;-1;-1;-1;-1;-1;-1;-1;-1;-1;-1;-1;1786;-1;2179;1838;-1;-1;2179
-1;-1;-1;-1;-1;-1;-1;-1;-1;-1;-1;-1;-1;-1;-1;-1;-1;-1;-1;-1;-1;-1;-1;-1;-1;-1;-1;-1;-1;861;861;861;861;785;514;514;655;241;56;56;56;56;56;56;50;50;50;50;50;0;0;0;0;0;0;0;0;0;0;0;0;-1;0;0;0;0;0;0;0;0;0;0;0;0;0;0;0;0;0;0;0;0;0;0;0;0;56;56;0;0;0;0;0;402;402;711;-1;-1;-1;-1;-1;-1;-1;-1;-1;-1;-1;1786;-1;2179;1838;-1;-1;2179
-1;-1;-1;-1;-1;-1;-1;-1;-1;-1;-1;-1;-1;-1;-1;-1;-1;-1;-1;-1;-1;-1;-1;-1;-1;-1;-1;-1;-1;861;861;861;861;785;514;514;655;241;56;56;56;56;56;56;50;50;50;50;50;0;0;0;0;0;0;0;0;0;0;0;0;0;-1;0;0;0;0;0;0;0;0;0;0;0;0;0;0;0;0;0;0;0;0;0;0;0;56;56;0;0;0;0;0;402;402;711;-1;-1;-1;-1;-1;-1;-1;-1;-1;-1;-1;1786;-1;2179;1838;-1;-1;2179
-1;-1;-1;-1;-1;-1;-1;-1;-1;-1;-1;-1;-1;-1;-1;-1;-1;-1;-1;-1;-1;-1;-1;-1;-1;-1;-1;-1;-1;861;861;861;861;785;514;514;655;241;56;56;56;56;56;56;50;50;50;50;50;0;0;0;0;0;0;0;0;0;0;0;0;0;0;-1;0;0;0;0;0;0;0;0;0;0;0;0;0;0;0;0;0;0;0;0;0;0;56;56;0;0;0;0;0;402;402;711;-1;-1;-1;-1;-1;-1;-1;-1;-1;-1;-1;1786;-1;2179;1838;-1;-1;2179
-1;-1;-1;-1;-1;-1;-1;-1;-1;-1;-1;-1;-1;-1;-1;-1;-1;-1;-1;-1;-1;-1;-1;-1;-1;-1;-1;-1;-1;861;861;861;861;785;514;514;655;241;56;56;56;56;56;56;50;50;50;50;50;0;0;0;0;0;0;0;0;0;0;0;0;0;0;0;-1;0;0;0;0;0;0;0;0;0;0;0;0;0;0;0;0;0;0;0;0;0;56;56;0;0;0;0;0;402;402;711;-1;-1;-1;-1;-1;-1;-1;-1;-1;-1;-1;1786;-1;2179;1838;-1;-1;2179
-1;-1;-1;-1;-1;-1;-1;-1;-1;-1;-1;-1;-1;-1;-1;-1;-1;-1;-1;-1;-1;-1;-1;-1;-1;-1;-1;-1;-1;861;861;861;861;785;514;514;655;241;56;56;56;56;56;56;50;50;50;50;50;0;0;0;0;0;0;0;0;0;0;0;0;0;0;0;0;-1;0;0;0;0;0;0;0;0;0;0;0;0;0;0;0;0;0;0;0;0;56;56;0;0;0;0;0;402;402;711;-1;-1;-1;-1;-1;-1;-1;-1;-1;-1;-1;1786;-1;2179;1838;-1;-1;2179
-1;-1;-1;-1;-1;-1;-1;-1;-1;-1;-1;-1;-1;-1;-1;-1;-1;-1;-1;-1;-1;-1;-1;-1;-1;-1;-1;-1;-1;861;861;861;861;785;514;514;655;241;56;56;56;56;56;56;50;50;50;50;50;0;0;0;0;0;0;0;0;0;0;0;0;0;0;0;0;0;-1;0;0;0;0;0;0;0;0;0;0;0;0;0;0;0;0;0;0;0;56;56;0;0;0;0;0;402;402;711;-1;-1;-1;-1;-1;-1;-1;-1;-1;-1;-1;1786;-1;2179;1838;-1;-1;2179
-1;-1;-1;-1;-1;-1;-1;-1;-1;-1;-1;-1;-1;-1;-1;-1;-1;-1;-1;-1;-1;-1;-1;-1;-1;-1;-1;-1;-1;861;861;861;861;785;514;514;655;241;56;56;56;56;56;56;50;50;50;50;50;0;0;0;0;0;0;0;0;0;0;0;0;0;0;0;0;0;0;-1;0;0;0;0;0;0;0;0;0;0;0;0;0;0;0;0;0;0;56;56;0;0;0;0;0;402;402;711;-1;-1;-1;-1;-1;-1;-1;-1;-1;-1;-1;1786;-1;2179;1838;-1;-1;2179
-1;-1;-1;-1;-1;-1;-1;-1;-1;-1;-1;-1;-1;-1;-1;-1;-1;-1;-1;-1;-1;-1;-1;-1;-1;-1;-1;-1;-1;861;861;861;861;785;514;514;655;241;56;56;56;56;56;56;50;50;50;50;50;0;0;0;0;0;0;0;0;0;0;0;0;0;0;0;0;0;0;0;-1;0;0;0;0;0;0;0;0;0;0;0;0;0;0;0;0;0;56;56;0;0;0;0;0;402;402;711;-1;-1;-1;-1;-1;-1;-1;-1;-1;-1;-1;1786;-1;2179;1838;-1;-1;2179
-1;-1;-1;-1;-1;-1;-1;-1;-1;-1;-1;-1;-1;-1;-1;-1;-1;-1;-1;-1;-1;-1;-1;-1;-1;-1;-1;-1;-1;861;861;861;861;785;514;514;655;241;56;56;56;56;56;56;50;50;50;50;50;0;0;0;0;0;0;0;0;0;0;0;0;0;0;0;0;0;0;0;0;-1;0;0;0;0;0;0;0;0;0;0;0;0;0;0;0;0;56;56;0;0;0;0;0;402;402;711;-1;-1;-1;-1;-1;-1;-1;-1;-1;-1;-1;1786;-1;2179;1838;-1;-1;2179
-1;-1;-1;-1;-1;-1;-1;-1;-1;-1;-1;-1;-1;-1;-1;-1;-1;-1;-1;-1;-1;-1;-1;-1;-1;-1;-1;-1;-1;861;861;861;861;785;514;514;655;241;56;56;56;56;56;56;50;50;50;50;50;0;0;0;0;0;0;0;0;0;0;0;0;0;0;0;0;0;0;0;0;0;-1;0;0;0;0;0;0;0;0;0;0;0;0;0;0;0;56;56;0;0;0;0;0;402;402;711;-1;-1;-1;-1;-1;-1;-1;-1;-1;-1;-1;1786;-1;2179;1838;-1;-1;2179
-1;-1;-1;-1;-1;-1;-1;-1;-1;-1;-1;-1;-1;-1;-1;-1;-1;-1;-1;-1;-1;-1;-1;-1;-1;-1;-1;-1;-1;861;861;861;861;785;514;514;655;241;56;56;56;56;56;56;50;50;50;50;50;0;0;0;0;0;0;0;0;0;0;0;0;0;0;0;0;0;0;0;0;0;0;-1;0;0;0;0;0;0;0;0;0;0;0;0;0;0;56;56;0;0;0;0;0;402;402;711;-1;-1;-1;-1;-1;-1;-1;-1;-1;-1;-1;1786;-1;2179;1838;-1;-1;2179
-1;-1;-1;-1;-1;-1;-1;-1;-1;-1;-1;-1;-1;-1;-1;-1;-1;-1;-1;-1;-1;-1;-1;-1;-1;-1;-1;-1;-1;861;861;861;861;785;514;514;655;241;56;56;56;56;56;56;50;50;50;50;50;0;0;0;0;0;0;0;0;0;0;0;0;0;0;0;0;0;0;0;0;0;0;0;-1;0;0;0;0;0;0;0;0;0;0;0;0;0;56;56;0;0;0;0;0;402;402;711;-1;-1;-1;-1;-1;-1;-1;-1;-1;-1;-1;1786;-1;2179;1838;-1;-1;2179
-1;-1;-1;-1;-1;-1;-1;-1;-1;-1;-1;-1;-1;-1;-1;-1;-1;-1;-1;-1;-1;-1;-1;-1;-1;-1;-1;-1;-1;861;861;861;861;785;514;514;655;241;56;56;56;56;56;56;50;50;50;50;50;0;0;0;0;0;0;0;0;0;0;0;0;0;0;0;0;0;0;0;0;0;0;0;0;-1;0;0;0;0;0;0;0;0;0;0;0;0;56;56;0;0;0;0;0;402;402;711;-1;-1;-1;-1;-1;-1;-1;-1;-1;-1;-1;1786;-1;2179;1838;-1;-1;2179
-1;-1;-1;-1;-1;-1;-1;-1;-1;-1;-1;-1;-1;-1;-1;-1;-1;-1;-1;-1;-1;-1;-1;-1;-1;-1;-1;-1;-1;861;861;861;861;785;514;514;655;241;56;56;56;56;56;56;50;50;50;50;50;0;0;0;0;0;0;0;0;0;0;0;0;0;0;0;0;0;0;0;0;0;0;0;0;0;-1;0;0;0;0;0;0;0;0;0;0;0;56;56;0;0;0;0;0;402;402;711;-1;-1;-1;-1;-1;-1;-1;-1;-1;-1;-1;1786;-1;2179;1838;-1;-1;2179
-1;-1;-1;-1;-1;-1;-1;-1;-1;-1;-1;-1;-1;-1;-1;-1;-1;-1;-1;-1;-1;-1;-1;-1;-1;-1;-1;-1;-1;861;861;861;861;785;514;514;655;241;56;56;56;56;56;56;50;50;50;50;50;0;0;0;0;0;0;0;0;0;0;0;0;0;0;0;0;0;0;0;0;0;0;0;0;0;0;-1;0;0;0;0;0;0;0;0;0;0;56;56;0;0;0;0;0;402;402;711;-1;-1;-1;-1;-1;-1;-1;-1;-1;-1;-1;1786;-1;2179;1838;-1;-1;2179
-1;-1;-1;-1;-1;-1;-1;-1;-1;-1;-1;-1;-1;-1;-1;-1;-1;-1;-1;-1;-1;-1;-1;-1;-1;-1;-1;-1;-1;861;861;861;861;785;514;514;655;241;56;56;56;56;56;56;50;50;50;50;50;0;0;0;0;0;0;0;0;0;0;0;0;0;0;0;0;0;0;0;0;0;0;0;0;0;0;0;-1;0;0;0;0;0;0;0;0;0;56;56;0;0;0;0;0;402;402;711;-1;-1;-1;-1;-1;-1;-1;-1;-1;-1;-1;1786;-1;2179;1838;-1;-1;2179
-1;-1;-1;-1;-1;-1;-1;-1;-1;-1;-1;-1;-1;-1;-1;-1;-1;-1;-1;-1;-1;-1;-1;-1;-1;-1;-1;-1;-1;861;861;861;861;785;514;514;655;241;56;56;56;56;56;56;50;50;50;50;50;0;0;0;0;0;0;0;0;0;0;0;0;0;0;0;0;0;0;0;0;0;0;0;0;0;0;0;0;-1;0;0;0;0;0;0;0;0;56;56;0;0;0;0;0;402;402;711;-1;-1;-1;-1;-1;-1;-1;-1;-1;-1;-1;1786;-1;2179;1838;-1;-1;2179
-1;-1;-1;-1;-1;-1;-1;-1;-1;-1;-1;-1;-1;-1;-1;-1;-1;-1;-1;-1;-1;-1;-1;-1;-1;-1;-1;-1;-1;861;861;861;861;785;514;514;655;241;56;56;56;56;56;56;50;50;50;50;50;0;0;0;0;0;0;0;0;0;0;0;0;0;0;0;0;0;0;0;0;0;0;0;0;0;0;0;0;0;-1;0;0;0;0;0;0;0;56;56;0;0;0;0;0;402;402;711;-1;-1;-1;-1;-1;-1;-1;-1;-1;-1;-1;1786;-1;2179;1838;-1;-1;2179
-1;-1;-1;-1;-1;-1;-1;-1;-1;-1;-1;-1;-1;-1;-1;-1;-1;-1;-1;-1;-1;-1;-1;-1;-1;-1;-1;-1;-1;861;861;861;861;785;514;514;655;241;56;56;56;56;56;56;50;50;50;50;50;0;0;0;0;0;0;0;0;0;0;0;0;0;0;0;0;0;0;0;0;0;0;0;0;0;0;0;0;0;0;-1;0;0;0;0;0;0;56;56;0;0;0;0;0;402;402;711;-1;-1;-1;-1;-1;-1;-1;-1;-1;-1;-1;1786;-1;2179;1838;-1;-1;2179
-1;-1;-1;-1;-1;-1;-1;-1;-1;-1;-1;-1;-1;-1;-1;-1;-1;-1;-1;-1;-1;-1;-1;-1;-1;-1;-1;-1;-1;861;861;861;861;785;514;514;655;241;56;56;56;56;56;56;50;50;50;50;50;0;0;0;0;0;0;0;0;0;0;0;0;0;0;0;0;0;0;0;0;0;0;0;0;0;0;0;0;0;0;0;-1;0;0;0;0;0;56;56;0;0;0;0;0;402;402;711;-1;-1;-1;-1;-1;-1;-1;-1;-1;-1;-1;1786;-1;2179;1838;-1;-1;2179
-1;-1;-1;-1;-1;-1;-1;-1;-1;-1;-1;-1;-1;-1;-1;-1;-1;-1;-1;-1;-1;-1;-1;-1;-1;-1;-1;-1;-1;861;861;861;861;785;514;514;655;241;56;56;56;56;56;56;50;50;50;50;50;0;0;0;0;0;0;0;0;0;0;0;0;0;0;0;0;0;0;0;0;0;0;0;0;0;0;0;0;0;0;0;0;-1;0;0;0;0;56;56;0;0;0;0;0;402;402;711;-1;-1;-1;-1;-1;-1;-1;-1;-1;-1;-1;1786;-1;2179;1838;-1;-1;2179
-1;-1;-1;-1;-1;-1;-1;-1;-1;-1;-1;-1;-1;-1;-1;-1;-1;-1;-1;-1;-1;-1;-1;-1;-1;-1;-1;-1;-1;861;861;861;861;785;514;514;655;241;56;56;56;56;56;56;50;50;50;50;50;0;0;0;0;0;0;0;0;0;0;0;0;0;0;0;0;0;0;0;0;0;0;0;0;0;0;0;0;0;0;0;0;0;-1;0;0;0;56;56;0;0;0;0;0;402;402;711;-1;-1;-1;-1;-1;-1;-1;-1;-1;-1;-1;1786;-1;2179;1838;-1;-1;2179
-1;-1;-1;-1;-1;-1;-1;-1;-1;-1;-1;-1;-1;-1;-1;-1;-1;-1;-1;-1;-1;-1;-1;-1;-1;-1;-1;-1;-1;861;861;861;861;785;514;514;655;241;56;56;56;56;56;56;50;50;50;50;50;0;0;0;0;0;0;0;0;0;0;0;0;0;0;0;0;0;0;0;0;0;0;0;0;0;0;0;0;0;0;0;0;0;0;-1;0;0;56;56;0;0;0;0;0;402;402;711;-1;-1;-1;-1;-1;-1;-1;-1;-1;-1;-1;1786;-1;2179;1838;-1;-1;2179
-1;-1;-1;-1;-1;-1;-1;-1;-1;-1;-1;-1;-1;-1;-1;-1;-1;-1;-1;-1;-1;-1;-1;-1;-1;-1;-1;-1;-1;861;861;861;861;785;514;514;655;241;56;56;56;56;56;56;50;50;50;50;50;0;0;0;0;0;0;0;0;0;0;0;0;0;0;0;0;0;0;0;0;0;0;0;0;0;0;0;0;0;0;0;0;0;0;0;-1;0;56;56;0;0;0;0;0;402;402;711;-1;-1;-1;-1;-1;-1;-1;-1;-1;-1;-1;1786;-1;2179;1838;-1;-1;2179
-1;-1;-1;-1;-1;-1;-1;-1;-1;-1;-1;-1;-1;-1;-1;-1;-1;-1;-1;-1;-1;-1;-1;-1;-1;-1;-1;-1;-1;861;861;861;861;785;514;514;655;241;56;56;56;56;56;56;50;50;50;50;50;0;0;0;0;0;0;0;0;0;0;0;0;0;0;0;0;0;0;0;0;0;0;0;0;0;0;0;0;0;0;0;0;0;0;0;0;-1;56;56;0;0;0;0;0;402;402;711;-1;-1;-1;-1;-1;-1;-1;-1;-1;-1;-1;1786;-1;2179;1838;-1;-1;2179
-1;-1;-1;-1;-1;-1;-1;-1;-1;-1;-1;-1;-1;-1;-1;-1;-1;-1;-1;-1;-1;-1;-1;-1;-1;-1;-1;-1;-1;1263;1263;1263;1263;615;401;401;511;150;0;0;0;0;0;0;5;5;5;5;5;53;53;53;53;53;53;53;53;53;53;53;53;53;53;53;53;53;53;53;53;53;53;53;53;53;53;53;53;53;53;53;53;53;53;53;53;53;-1;0;53;53;53;53;53;376;376;647;-1;-1;-1;-1;-1;-1;-1;-1;-1;-1;-1;1389;-1;1882;1553;988;988;1882
-1;-1;-1;-1;-1;-1;-1;-1;-1;-1;-1;-1;-1;-1;-1;-1;-1;-1;-1;-1;-1;-1;-1;-1;-1;-1;-1;-1;-1;1263;1263;1263;1263;615;401;401;511;150;0;0;0;0;0;0;5;5;5;5;5;53;53;53;53;53;53;53;53;53;53;53;53;53;53;53;53;53;53;53;53;53;53;53;53;53;53;53;53;53;53;53;53;53;53;53;53;53;0;-1;53;53;53;53;53;376;376;647;-1;-1;-1;-1;-1;-1;-1;-1;-1;-1;-1;1389;-1;1882;1553;988;988;1882
-1;-1;-1;-1;-1;-1;-1;-1;-1;-1;-1;-1;-1;-1;-1;-1;-1;-1;-1;-1;-1;-1;-1;-1;-1;-1;-1;-1;-1;861;861;861;861;785;514;514;655;241;56;56;56;56;56;56;50;50;50;50;50;0;0;0;0;0;0;0;0;0;0;0;0;0;0;0;0;0;0;0;0;0;0;0;0;0;0;0;0;0;0;0;0;0;0;0;0;0;56;56;-1;0;0;0;0;402;402;711;-1;-1;-1;-1;-1;-1;-1;-1;-1;-1;-1;1786;-1;2179;1838;-1;-1;2179
-1;-1;-1;-1;-1;-1;-1;-1;-1;-1;-1;-1;-1;-1;-1;-1;-1;-1;-1;-1;-1;-1;-1;-1;-1;-1;-1;-1;-1;861;861;861;861;785;514;514;655;241;56;56;56;56;56;56;50;50;50;50;50;0;0;0;0;0;0;0;0;0;0;0;0;0;0;0;0;0;0;0;0;0;0;0;0;0;0;0;0;0;0;0;0;0;0;0;0;0;56;56;0;-1;0;0;0;402;402;711;-1;-1;-1;-1;-1;-1;-1;-1;-1;-1;-1;1786;-1;2179;1838;-1;-1;2179
-1;-1;-1;-1;-1;-1;-1;-1;-1;-1;-1;-1;-1;-1;-1;-1;-1;-1;-1;-1;-1;-1;-1;-1;-1;-1;-1;-1;-1;861;861;861;861;785;514;514;655;241;56;56;56;56;56;56;50;50;50;50;50;0;0;0;0;0;0;0;0;0;0;0;0;0;0;0;0;0;0;0;0;0;0;0;0;0;0;0;0;0;0;0;0;0;0;0;0;0;56;56;0;0;-1;0;0;402;402;711;-1;-1;-1;-1;-1;-1;-1;-1;-1;-1;-1;1786;-1;2179;1838;-1;-1;2179
-1;-1;-1;-1;-1;-1;-1;-1;-1;-1;-1;-1;-1;-1;-1;-1;-1;-1;-1;-1;-1;-1;-1;-1;-1;-1;-1;-1;-1;861;861;861;861;785;514;514;655;241;56;56;56;56;56;56;50;50;50;50;50;0;0;0;0;0;0;0;0;0;0;0;0;0;0;0;0;0;0;0;0;0;0;0;0;0;0;0;0;0;0;0;0;0;0;0;0;0;56;56;0;0;0;-1;0;402;402;711;-1;-1;-1;-1;-1;-1;-1;-1;-1;-1;-1;1786;-1;2179;1838;-1;-1;2179
-1;-1;-1;-1;-1;-1;-1;-1;-1;-1;-1;-1;-1;-1;-1;-1;-1;-1;-1;-1;-1;-1;-1;-1;-1;-1;-1;-1;-1;861;861;861;861;785;514;514;655;241;56;56;56;56;56;56;50;50;50;50;50;0;0;0;0;0;0;0;0;0;0;0;0;0;0;0;0;0;0;0;0;0;0;0;0;0;0;0;0;0;0;0;0;0;0;0;0;0;56;56;0;0;0;0;-1;402;402;711;-1;-1;-1;-1;-1;-1;-1;-1;-1;-1;-1;1786;-1;2179;1838;-1;-1;2179
-1;-1;996;819;819;819;819;819;819;819;819;819;-1;-1;-1;-1;-1;-1;-1;-1;-1;-1;-1;-1;-1;-1;-1;1164;1164;-1;-1;-1;-1;1521;-1;-1;-1;282;266;266;266;266;266;266;316;316;316;316;316;254;254;254;254;254;254;254;254;254;254;254;254;254;254;254;254;254;254;254;254;254;254;254;254;254;254;254;254;254;254;254;254;254;254;254;254;254;266;266;254;254;254;254;254;-1;0;91;479;479;-1;-1;-1;-1;-1;-1;-1;1575;1575;1511;-1;-1;-1;-1;-1;-1
-1;-1;996;819;819;819;819;819;819;819;819;819;-1;-1;-1;-1;-1;-1;-1;-1;-1;-1;-1;-1;-1;-1;-1;1164;1164;-1;-1;-1;-1;1521;-1;-1;-1;282;266;266;266;266;266;266;316;316;316;316;316;254;254;254;254;254;254;254;254;254;254;254;254;254;254;254;254;254;254;254;254;254;254;254;254;254;254;254;254;254;254;254;254;254;254;254;254;254;266;266;254;254;254;254;254;0;-1;91;479;479;-1;-1;-1;-1;-1;-1;-1;1575;1575;1511;-1;-1;-1;-1;-1;-1
1086;1086;642;920;920;920;920;920;920;920;920;920;-1;-1;-1;-1;-1;-1;-1;-1;-1;-1;-1;-1;-1;-1;-1;1586;1586;-1;-1;-1;-1;1702;-1;-1;-1;353;392;392;392;392;392;392;466;466;466;466;466;399;399;399;399;399;399;399;399;399;399;399;399;399;399;399;399;399;399;399;399;399;399;399;399;399;399;399;399;399;399;399;399;399;399;399;399;399;392;392;399;399;399;399;399;62;62;-1;289;289;-1;-1;-1;-1;-1;-1;-1;1004;1004;1257;1205;-1;1509;-1;-1;-1
1129;1129;1634;2179;2179;2179;2179;2179;2179;2179;2179;2179;594;594;594;594;594;594;594;594;594;-1;-1;-1;3386;-1;-1;3010;3010;-1;-1;-1;-1;-1;-1;-1;-1;830;833;833;833;833;833;833;937;937;937;937;937;867;867;867;867;867;867;867;867;867;867;867;867;867;867;867;867;867;867;867;867;867;867;867;867;867;867;867;867;867;867;867;867;867;867;867;867;867;833;833;867;867;867;867;867;310;310;228;-1;0;803;803;803;803;803;803;-1;703;703;280;-1;-1;-1;-1;-1;-1
1129;1129;1634;2179;2179;2179;2179;2179;2179;2179;2179;2179;594;594;594;594;594;594;594;594;594;-1;-1;-1;3386;-1;-1;3010;3010;-1;-1;-1;-1;-1;-1;-1;-1;830;833;833;833;833;833;833;937;937;937;937;937;867;867;867;867;867;867;867;867;867;867;867;867;867;867;867;867;867;867;867;867;867;867;867;867;867;867;867;867;867;867;867;867;867;867;867;867;867;833;833;867;867;867;867;867;310;310;228;0;-1;803;803;803;803;803;803;-1;703;703;280;-1;-1;-1;-1;-1;-1
125;125;331;1315;1315;1315;1315;1315;1315;1315;1315;1315;1786;1786;1786;1786;1786;1786;1786;1786;1786;-1;-1;-1;-1;-1;-1;-1;-1;-1;-1;-1;-1;-1;-1;-1;-1;-1;-1;-1;-1;-1;-1;-1;-1;-1;-1;-1;-1;-1;-1;-1;-1;-1;-1;-1;-1;-1;-1;-1;-1;-1;-1;-1;-1;-1;-1;-1;-1;-1;-1;-1;-1;-1;-1;-1;-1;-1;-1;-1;-1;-1;-1;-1;-1;-1;-1;-1;-1;-1;-1;-1;-1;-1;-1;614;502;502;-1;0;0;0;0;0;630;523;523;1668;962;-1;-1;-1;-1;-1
125;125;331;1315;1315;1315;1315;1315;1315;1315;1315;1315;1786;1786;1786;1786;1786;1786;1786;1786;1786;-1;-1;-1;-1;-1;-1;-1;-1;-1;-1;-1;-1;-1;-1;-1;-1;-1;-1;-1;-1;-1;-1;-1;-1;-1;-1;-1;-1;-1;-1;-1;-1;-1;-1;-1;-1;-1;-1;-1;-1;-1;-1;-1;-1;-1;-1;-1;-1;-1;-1;-1;-1;-1;-1;-1;-1;-1;-1;-1;-1;-1;-1;-1;-1;-1;-1;-1;-1;-1;-1;-1;-1;-1;-1;614;502;502;0;-1;0;0;0;0;630;523;523;1668;962;-1;-1;-1;-1;-1
125;125;331;1315;1315;1315;1315;1315;1315;1315;1315;1315;1786;1786;1786;1786;1786;1786;1786;1786;1786;-1;-1;-1;-1;-1;-1;-1;-1;-1;-1;-1;-1;-1;-1;-1;-1;-1;-1;-1;-1;-1;-1;-1;-1;-1;-1;-1;-1;-1;-1;-1;-1;-1;-1;-1;-1;-1;-1;-1;-1;-1;-1;-1;-1;-1;-1;-1;-1;-1;-1;-1;-1;-1;-1;-1;-1;-1;-1;-1;-1;-1;-1;-1;-1;-1;-1;-1;-1;-1;-1;-1;-1;-1;-1;614;502;502;0;0;-1;0;0;0;630;523;523;1668;962;-1;-1;-1;-1;-1
125;125;331;1315;1315;1315;1315;1315;1315;1315;1315;1315;1786;1786;1786;1786;1786;1786;1786;1786;1786;-1;-1;-1;-1;-1;-1;-1;-1;-1;-1;-1;-1;-1;-1;-1;-1;-1;-1;-1;-1;-1;-1;-1;-1;-1;-1;-1;-1;-1;-1;-1;-1;-1;-1;-1;-1;-1;-1;-1;-1;-1;-1;-1;-1;-1;-1;-1;-1;-1;-1;-1;-1;-1;-1;-1;-1;-1;-1;-1;-1;-1;-1;-1;-1;-1;-1;-1;-1;-1;-1;-1;-1;-1;-1;614;502;502;0;0;0;-1;0;0;630;523;523;1668;962;-1;-1;-1;-1;-1
125;125;331;1315;1315;1315;1315;1315;1315;1315;1315;1315;1786;1786;1786;1786;1786;1786;1786;1786;1786;-1;-1;-1;-1;-1;-1;-1;-1;-1;-1;-1;-1;-1;-1;-1;-1;-1;-1;-1;-1;-1;-1;-1;-1;-1;-1;-1;-1;-1;-1;-1;-1;-1;-1;-1;-1;-1;-1;-1;-1;-1;-1;-1;-1;-1;-1;-1;-1;-1;-1;-1;-1;-1;-1;-1;-1;-1;-1;-1;-1;-1;-1;-1;-1;-1;-1;-1;-1;-1;-1;-1;-1;-1;-1;614;502;502;0;0;0;0;-1;0;630;523;523;1668;962;-1;-1;-1;-1;-1
125;125;331;1315;1315;1315;1315;1315;1315;1315;1315;1315;1786;1786;1786;1786;1786;1786;1786;1786;1786;-1;-1;-1;-1;-1;-1;-1;-1;-1;-1;-1;-1;-1;-1;-1;-1;-1;-1;-1;-1;-1;-1;-1;-1;-1;-1;-1;-1;-1;-1;-1;-1;-1;-1;-1;-1;-1;-1;-1;-1;-1;-1;-1;-1;-1;-1;-1;-1;-1;-1;-1;-1;-1;-1;-1;-1;-1;-1;-1;-1;-1;-1;-1;-1;-1;-1;-1;-1;-1;-1;-1;-1;-1;-1;614;502;502;0;0;0;0;0;-1;630;523;523;1668;962;-1;-1;-1;-1;-1
1606;1606;2743;3860;3860;3860;3860;3860;3860;3860;3860;3860;2172;2172;2172;2172;2172;2172;2172;2172;2172;-1;-1;-1;-1;-1;-1;-1;-1;-1;-1;-1;-1;-1;-1;-1;-1;-1;-1;-1;-1;-1;-1;-1;-1;-1;-1;-1;-1;-1;-1;-1;-1;-1;-1;-1;-1;-1;-1;-1;-1;-1;-1;-1;-1;-1;-1;-1;-1;-1;-1;-1;-1;-1;-1;-1;-1;-1;-1;-1;-1;-1;-1;-1;-1;-1;-1;-1;-1;-1;-1;-1;-1;-1;-1;-1;731;731;570;570;570;570;570;570;-1;454;454;-1;-1;-1;-1;-1;-1;-1
1807;1807;2752;-1;-1;-1;-1;-1;-1;-1;-1;-1;-1;-1;-1;-1;-1;-1;-1;-1;-1;-1;-1;-1;-1;-1;-1;-1;-1;-1;-1;-1;-1;-1;-1;-1;-1;863;-1;-1;-1;-1;-1;-1;-1;-1;-1;-1;-1;-1;-1;-1;-1;-1;-1;-1;-1;-1;-1;-1;-1;-1;-1;-1;-1;-1;-1;-1;-1;-1;-1;-1;-1;-1;-1;-1;-1;-1;-1;-1;-1;-1;-1;-1;-1;-1;-1;-1;-1;-1;-1;-1;-1;1252;1252;852;1470;1470;780;780;780;780;780;780;1150;-1;0;324;822;-1;775;-1;-1;-1
1807;1807;2752;-1;-1;-1;-1;-1;-1;-1;-1;-1;-1;-1;-1;-1;-1;-1;-1;-1;-1;-1;-1;-1;-1;-1;-1;-1;-1;-1;-1;-1;-1;-1;-1;-1;-1;863;-1;-1;-1;-1;-1;-1;-1;-1;-1;-1;-1;-1;-1;-1;-1;-1;-1;-1;-1;-1;-1;-1;-1;-1;-1;-1;-1;-1;-1;-1;-1;-1;-1;-1;-1;-1;-1;-1;-1;-1;-1;-1;-1;-1;-1;-1;-1;-1;-1;-1;-1;-1;-1;-1;-1;1252;1252;852;1470;1470;780;780;780;780;780;780;1150;0;-1;324;822;-1;775;-1;-1;-1
-1;-1;-1;-1;-1;-1;-1;-1;-1;-1;-1;-1;-1;-1;-1;-1;-1;-1;-1;-1;-1;-1;-1;-1;-1;-1;-1;-1;-1;-1;-1;-1;-1;-1;-1;-1;-1;323;1003;1003;1003;1003;1003;1003;1087;1087;1087;1087;1087;1390;1390;1390;1390;1390;1390;1390;1390;1390;1390;1390;1390;1390;1390;1390;1390;1390;1390;1390;1390;1390;1390;1390;1390;1390;1390;1390;1390;1390;1390;1390;1390;1390;1390;1390;1390;1390;1003;1003;1390;1390;1390;1390;1390;1899;1899;1665;764;764;-1;-1;-1;-1;-1;-1;-1;499;499;-1;474;794;630;-1;-1;794
-1;-1;-1;-1;-1;-1;-1;-1;-1;-1;-1;-1;-1;-1;-1;-1;-1;-1;-1;-1;-1;-1;-1;-1;-1;-1;-1;-1;-1;-1;-1;-1;-1;-1;-1;-1;-1;764;-1;-1;-1;-1;-1;-1;-1;-1;-1;-1;-1;-1;-1;-1;-1;-1;-1;-1;-1;-1;-1;-1;-1;-1;-1;-1;-1;-1;-1;-1;-1;-1;-1;-1;-1;-1;-1;-1;-1;-1;-1;-1;-1;-1;-1;-1;-1;-1;-1;-1;-1;-1;-1;-1;-1;-1;-1;2138;-1;-1;-1;-1;-1;-1;-1;-1;-1;1512;1512;562;-1;196;226;572;572;196
-1;-1;-1;-1;-1;-1;-1;-1;-1;-1;-1;-1;-1;-1;-1;-1;-1;-1;-1;-1;-1;-1;-1;-1;-1;-1;-1;-1;-1;-1;-1;-1;-1;-1;843;843;396;1316;2187;2187;2187;2187;2187;2187;2241;2241;2241;2241;2241;2650;2650;2650;2650;2650;2650;2650;2650;2650;2650;2650;2650;2650;2650;2650;2650;2650;2650;2650;2650;2650;2650;2650;2650;2650;2650;2650;2650;2650;2650;2650;2650;2650;2650;2650;2650;2650;2187;2187;2650;2650;2650;2650;2650;-1;-1;-1;-1;-1;-1;-1;-1;-1;-1;-1;-1;-1;-1;1738;336;-1;42;154;154;0
-1;-1;-1;-1;-1;-1;-1;-1;-1;-1;-1;-1;-1;-1;-1;-1;-1;-1;-1;-1;-1;-1;-1;-1;-1;-1;-1;-1;-1;-1;-1;-1;-1;1812;680;680;342;1028;1867;1867;1867;1867;1867;1867;1915;1915;1915;1915;1915;2316;2316;2316;2316;2316;2316;2316;2316;2316;2316;2316;2316;2316;2316;2316;2316;2316;2316;2316;2316;2316;2316;2316;2316;2316;2316;2316;2316;2316;2316;2316;2316;2316;2316;2316;2316;2316;1867;1867;2316;2316;2316;2316;2316;-1;-1;-1;-1;-1;-1;-1;-1;-1;-1;-1;-1;-1;-1;1493;424;46;-1;151;151;46
-1;-1;-1;-1;-1;-1;-1;-1;-1;-1;-1;-1;-1;-1;-1;-1;-1;-1;-1;-1;-1;-1;-1;-1;-1;-1;-1;-1;-1;-1;-1;-1;-1;1456;481;481;185;883;-1;-1;-1;-1;-1;-1;1670;1670;1670;1670;1670;-1;-1;-1;-1;-1;-1;-1;-1;-1;-1;-1;-1;-1;-1;-1;-1;-1;-1;-1;-1;-1;-1;-1;-1;-1;-1;-1;-1;-1;-1;-1;-1;-1;-1;-1;-1;-1;-1;-1;-1;-1;-1;-1;-1;-1;-1;-1;-1;-1;-1;-1;-1;-1;-1;-1;-1;-1;-1;-1;-1;234;196;-1;0;234
-1;-1;-1;-1;-1;-1;-1;-1;-1;-1;-1;-1;-1;-1;-1;-1;-1;-1;-1;-1;-1;-1;-1;-1;-1;-1;-1;-1;-1;-1;-1;-1;-1;1456;481;481;185;883;-1;-1;-1;-1;-1;-1;1670;1670;1670;1670;1670;-1;-1;-1;-1;-1;-1;-1;-1;-1;-1;-1;-1;-1;-1;-1;-1;-1;-1;-1;-1;-1;-1;-1;-1;-1;-1;-1;-1;-1;-1;-1;-1;-1;-1;-1;-1;-1;-1;-1;-1;-1;-1;-1;-1;-1;-1;-1;-1;-1;-1;-1;-1;-1;-1;-1;-1;-1;-1;-1;-1;234;196;0;-1;234
-1;-1;-1;-1;-1;-1;-1;-1;-1;-1;-1;-1;-1;-1;-1;-1;-1;-1;-1;-1;-1;-1;-1;-1;-1;-1;-1;-1;-1;-1;-1;-1;-1;-1;843;843;396;1316;2187;2187;2187;2187;2187;2187;2241;2241;2241;2241;2241;2650;2650;2650;2650;2650;2650;2650;2650;2650;2650;2650;2650;2650;2650;2650;2650;2650;2650;2650;2650;2650;2650;2650;2650;2650;2650;2650;2650;2650;2650;2650;2650;2650;2650;2650;2650;2650;2187;2187;2650;2650;2650;2650;2650;-1;-1;-1;-1;-1;-1;-1;-1;-1;-1;-1;-1;-1;-1;1738;336;0;42;154;154;-1
