-1;20;20;103;123;330;-1;-1;-1;-1;-1;-1;-1;-1;-1;-1;-1;-1;254;308;479;-1;-1;-1;-1;-1;-1;-1;-1;-1;-1;-1;-1;-1;-1;-1;-1;595;984;984;984;984;984;-1;-1;897;745;1846;546;769;1096;1096;1096;1096;1096;1096;1096;829;829;576;283;283;333;333;333;515;-1;-1;-1;-1;-1;-1;-1;-1;-1;-1;-1;-1;-1;-1;-1;-1;-1;-1;-1;-1;-1;984
19;-1;0;93;119;332;-1;-1;-1;-1;-1;-1;-1;-1;-1;-1;-1;-1;235;282;505;-1;-1;-1;-1;-1;-1;-1;-1;-1;-1;-1;-1;-1;-1;-1;-1;633;-1;-1;-1;-1;-1;-1;-1;937;777;1876;567;786;1115;1115;1115;1115;1115;1115;1115;869;869;598;269;257;309;309;309;519;-1;-1;-1;-1;-1;-1;-1;-1;-1;-1;-1;-1;-1;-1;-1;-1;-1;-1;-1;-1;-1;-1
19;0;-1;93;119;332;-1;-1;-1;-1;-1;-1;-1;-1;-1;-1;-1;-1;235;282;505;-1;-1;-1;-1;-1;-1;-1;-1;-1;-1;-1;-1;-1;-1;-1;-1;633;-1;-1;-1;-1;-1;-1;-1;937;777;1876;567;786;1115;1115;1115;1115;1115;1115;1115;869;869;598;269;257;309;309;309;519;-1;-1;-1;-1;-1;-1;-1;-1;-1;-1;-1;-1;-1;-1;-1;-1;-1;-1;-1;-1;-1;-1
116;111;111;-1;7;221;435;-1;-1;-1;-1;-1;-1;-1;-1;-1;309;263;190;262;318;-1;-1;-1;-1;-1;-1;-1;-1;-1;-1;-1;-1;-1;-1;-1;-1;470;1273;1273;1273;1273;1273;-1;-1;758;619;1983;442;1061;1342;1342;1342;1342;1342;1342;1342;693;693;468;241;270;-1;-1;-1;428;-1;-1;-1;-1;-1;-1;-1;-1;-1;-1;-1;-1;-1;-1;-1;-1;-1;-1;-1;-1;-1;1273
155;163;163;14;-1;207;419;-1;-1;-1;-1;-1;-1;-1;-1;-1;368;299;247;336;246;-1;-1;-1;-1;-1;-1;-1;-1;-1;-1;-1;-1;-1;-1;-1;762;365;1141;1141;1141;1141;1141;-1;-1;642;521;1890;370;995;1275;1275;1275;1275;1275;1275;1275;577;577;392;253;325;-1;-1;-1;-1;-1;-1;-1;-1;-1;-1;-1;-1;-1;-1;-1;-1;-1;-1;-1;-1;-1;-1;-1;-1;-1;1141
-1;-1;-1;-1;209;-1;64;99;159;159;159;159;159;159;159;218;199;119;168;186;224;449;449;-1;-1;-1;-1;-1;-1;-1;-1;-1;-1;-1;-1;-1;1661;-1;-1;-1;-1;-1;-1;-1;-1;-1;-1;-1;-1;-1;-1;-1;-1;-1;-1;-1;-1;-1;-1;-1;-1;-1;-1;-1;-1;-1;-1;-1;-1;-1;-1;-1;-1;-1;-1;-1;-1;-1;-1;-1;-1;-1;-1;-1;-1;-1;-1;-1
-1;-1;-1;-1;-1;61;-1;34;304;304;304;304;304;103;103;164;146;90;240;260;275;372;372;-1;-1;-1;-1;-1;-1;-1;-1;-1;-1;-1;-1;-1;-1;-1;-1;-1;-1;-1;-1;-1;-1;-1;-1;-1;-1;-1;-1;-1;-1;-1;-1;-1;-1;-1;-1;-1;-1;-1;-1;-1;-1;-1;-1;-1;-1;-1;-1;-1;-1;-1;-1;-1;-1;-1;-1;-1;-1;-1;-1;-1;-1;-1;-1;-1
-1;-1;-1;-1;-1;99;36;-1;100;100;100;100;100;105;105;177;222;160;320;350;281;349;349;-1;-1;-1;-1;-1;-1;-1;-1;-1;-1;-1;-1;-1;-1;-1;-1;-1;-1;-1;-1;-1;-1;-1;-1;-1;-1;-1;-1;-1;-1;-1;-1;-1;-1;-1;-1;-1;-1;-1;-1;-1;-1;-1;-1;-1;-1;-1;-1;-1;-1;-1;-1;-1;-1;-1;-1;-1;-1;-1;-1;-1;-1;-1;-1;-1
-1;-1;-1;-1;-1;139;259;66;-1;0;0;0;0;30;30;43;86;74;187;175;460;774;774;-1;-1;-1;-1;-1;-1;-1;-1;-1;-1;-1;-1;-1;-1;-1;-1;-1;-1;-1;-1;-1;-1;-1;-1;-1;-1;-1;-1;-1;-1;-1;-1;-1;-1;-1;-1;-1;-1;-1;-1;-1;-1;-1;-1;-1;-1;-1;-1;-1;-1;-1;-1;-1;-1;-1;-1;-1;-1;-1;-1;-1;-1;-1;-1;-1
-1;-1;-1;-1;-1;139;259;66;0;-1;0;0;0;30;30;43;86;74;187;175;460;774;774;-1;-1;-1;-1;-1;-1;-1;-1;-1;-1;-1;-1;-1;-1;-1;-1;-1;-1;-1;-1;-1;-1;-1;-1;-1;-1;-1;-1;-1;-1;-1;-1;-1;-1;-1;-1;-1;-1;-1;-1;-1;-1;-1;-1;-1;-1;-1;-1;-1;-1;-1;-1;-1;-1;-1;-1;-1;-1;-1;-1;-1;-1;-1;-1;-1
-1;-1;-1;-1;-1;139;259;66;0;0;-1;0;0;30;30;43;86;74;187;175;460;774;774;-1;-1;-1;-1;-1;-1;-1;-1;-1;-1;-1;-1;-1;-1;-1;-1;-1;-1;-1;-1;-1;-1;-1;-1;-1;-1;-1;-1;-1;-1;-1;-1;-1;-1;-1;-1;-1;-1;-1;-1;-1;-1;-1;-1;-1;-1;-1;-1;-1;-1;-1;-1;-1;-1;-1;-1;-1;-1;-1;-1;-1;-1;-1;-1;-1
-1;-1;-1;-1;-1;139;259;66;0;0;0;-1;0;30;30;43;86;74;187;175;460;774;774;-1;-1;-1;-1;-1;-1;-1;-1;-1;-1;-1;-1;-1;-1;-1;-1;-1;-1;-1;-1;-1;-1;-1;-1;-1;-1;-1;-1;-1;-1;-1;-1;-1;-1;-1;-1;-1;-1;-1;-1;-1;-1;-1;-1;-1;-1;-1;-1;-1;-1;-1;-1;-1;-1;-1;-1;-1;-1;-1;-1;-1;-1;-1;-1;-1
-1;-1;-1;-1;-1;139;259;66;0;0;0;0;-1;30;30;43;86;74;187;175;460;774;774;-1;-1;-1;-1;-1;-1;-1;-1;-1;-1;-1;-1;-1;-1;-1;-1;-1;-1;-1;-1;-1;-1;-1;-1;-1;-1;-1;-1;-1;-1;-1;-1;-1;-1;-1;-1;-1;-1;-1;-1;-1;-1;-1;-1;-1;-1;-1;-1;-1;-1;-1;-1;-1;-1;-1;-1;-1;-1;-1;-1;-1;-1;-1;-1;-1
-1;-1;-1;-1;-1;126;69;54;26;26;26;26;26;-1;0;13;45;45;150;130;469;666;666;-1;-1;-1;-1;-1;-1;-1;-1;-1;-1;-1;-1;-1;-1;-1;-1;-1;-1;-1;-1;-1;-1;-1;-1;-1;-1;-1;-1;-1;-1;-1;-1;-1;-1;-1;-1;-1;-1;-1;-1;-1;-1;-1;-1;-1;-1;-1;-1;-1;-1;-1;-1;-1;-1;-1;-1;-1;-1;-1;-1;-1;-1;-1;-1;-1
-1;-1;-1;-1;-1;126;69;54;26;26;26;26;26;0;-1;13;45;45;150;130;469;666;666;-1;-1;-1;-1;-1;-1;-1;-1;-1;-1;-1;-1;-1;-1;-1;-1;-1;-1;-1;-1;-1;-1;-1;-1;-1;-1;-1;-1;-1;-1;-1;-1;-1;-1;-1;-1;-1;-1;-1;-1;-1;-1;-1;-1;-1;-1;-1;-1;-1;-1;-1;-1;-1;-1;-1;-1;-1;-1;-1;-1;-1;-1;-1;-1;-1
-1;-1;-1;-1;-1;158;102;93;30;30;30;30;30;9;9;-1;38;52;145;112;545;778;778;-1;-1;-1;-1;-1;-1;-1;-1;-1;-1;-1;-1;-1;-1;-1;-1;-1;-1;-1;-1;-1;-1;-1;-1;-1;-1;-1;-1;-1;-1;-1;-1;-1;-1;-1;-1;-1;-1;-1;-1;-1;-1;-1;-1;-1;-1;-1;-1;-1;-1;-1;-1;-1;-1;-1;-1;-1;-1;-1;-1;-1;-1;-1;-1;-1
-1;-1;-1;-1;-1;135;80;132;73;73;73;73;73;41;41;40;-1;25;115;79;532;773;773;-1;-1;-1;-1;-1;-1;-1;-1;-1;-1;-1;-1;-1;-1;-1;-1;-1;-1;-1;-1;-1;-1;-1;-1;-1;-1;-1;-1;-1;-1;-1;-1;-1;-1;-1;-1;-1;-1;-1;-1;-1;-1;-1;-1;-1;-1;-1;-1;-1;-1;-1;-1;-1;-1;-1;-1;-1;-1;-1;-1;-1;-1;-1;-1;-1
-1;-1;-1;-1;-1;85;55;106;72;72;72;72;72;47;47;59;29;-1;102;80;437;671;671;-1;-1;-1;-1;-1;-1;-1;-1;-1;-1;-1;-1;-1;-1;-1;-1;-1;-1;-1;-1;-1;-1;-1;-1;-1;-1;-1;-1;-1;-1;-1;-1;-1;-1;-1;-1;-1;-1;-1;-1;-1;-1;-1;-1;-1;-1;-1;-1;-1;-1;-1;-1;-1;-1;-1;-1;-1;-1;-1;-1;-1;-1;-1;-1;-1
-1;-1;-1;175;204;108;179;235;176;176;176;176;176;147;147;148;115;98;-1;45;411;868;868;-1;-1;-1;-1;-1;-1;-1;-1;-1;-1;-1;-1;-1;-1;811;-1;-1;-1;-1;-1;-1;-1;-1;-1;-1;-1;-1;-1;-1;-1;-1;-1;-1;-1;-1;-1;-1;-1;-1;-1;-1;-1;-1;-1;-1;-1;-1;-1;-1;-1;-1;-1;-1;-1;-1;-1;-1;-1;-1;-1;-1;-1;-1;-1;-1
-1;-1;-1;232;270;98;169;230;150;150;150;150;150;118;118;112;78;68;42;-1;517;-1;-1;-1;-1;-1;-1;-1;-1;-1;-1;-1;-1;-1;-1;-1;-1;-1;-1;-1;-1;-1;-1;-1;-1;-1;-1;-1;-1;-1;-1;-1;-1;-1;-1;-1;-1;-1;-1;-1;-1;-1;-1;-1;-1;-1;-1;-1;-1;-1;-1;-1;-1;-1;-1;-1;-1;-1;-1;-1;-1;-1;-1;-1;-1;-1;-1;-1
1048;1111;1111;522;380;331;378;360;680;680;680;680;680;725;725;869;870;702;740;910;-1;247;247;-1;-1;-1;-1;-1;-1;-1;-1;-1;-1;-1;-1;621;539;172;1530;1530;1530;1530;1530;594;594;-1;-1;-1;-1;-1;-1;-1;-1;-1;-1;-1;-1;342;342;-1;-1;-1;-1;-1;-1;-1;-1;-1;-1;-1;-1;-1;-1;-1;-1;-1;-1;-1;-1;-1;-1;-1;-1;-1;-1;-1;-1;1530
-1;-1;-1;-1;-1;812;725;654;-1;-1;-1;-1;-1;-1;-1;-1;-1;-1;-1;-1;-1;-1;0;561;561;-1;-1;-1;-1;-1;-1;-1;-1;852;852;464;-1;-1;-1;-1;-1;-1;-1;-1;-1;-1;-1;-1;-1;-1;-1;-1;-1;-1;-1;-1;-1;-1;-1;-1;-1;-1;-1;-1;-1;-1;-1;-1;-1;-1;-1;-1;-1;-1;-1;-1;-1;-1;-1;-1;-1;-1;-1;-1;-1;-1;-1;-1
-1;-1;-1;-1;-1;812;725;654;-1;-1;-1;-1;-1;-1;-1;-1;-1;-1;-1;-1;-1;0;-1;561;561;-1;-1;-1;-1;-1;-1;-1;-1;852;852;464;-1;-1;-1;-1;-1;-1;-1;-1;-1;-1;-1;-1;-1;-1;-1;-1;-1;-1;-1;-1;-1;-1;-1;-1;-1;-1;-1;-1;-1;-1;-1;-1;-1;-1;-1;-1;-1;-1;-1;-1;-1;-1;-1;-1;-1;-1;-1;-1;-1;-1;-1;-1
-1;-1;-1;-1;-1;-1;-1;-1;-1;-1;-1;-1;-1;-1;-1;-1;-1;-1;-1;-1;-1;856;856;-1;0;678;-1;667;-1;-1;-1;-1;-1;-1;-1;-1;-1;-1;-1;-1;-1;-1;-1;-1;-1;-1;-1;-1;-1;-1;-1;-1;-1;-1;-1;-1;-1;-1;-1;-1;-1;-1;-1;-1;-1;-1;-1;-1;-1;-1;-1;-1;-1;-1;-1;-1;-1;-1;-1;-1;-1;-1;-1;-1;-1;-1;-1;-1
-1;-1;-1;-1;-1;-1;-1;-1;-1;-1;-1;-1;-1;-1;-1;-1;-1;-1;-1;-1;-1;856;856;0;-1;678;-1;667;-1;-1;-1;-1;-1;-1;-1;-1;-1;-1;-1;-1;-1;-1;-1;-1;-1;-1;-1;-1;-1;-1;-1;-1;-1;-1;-1;-1;-1;-1;-1;-1;-1;-1;-1;-1;-1;-1;-1;-1;-1;-1;-1;-1;-1;-1;-1;-1;-1;-1;-1;-1;-1;-1;-1;-1;-1;-1;-1;-1
-1;-1;-1;-1;-1;-1;-1;-1;-1;-1;-1;-1;-1;-1;-1;-1;-1;-1;-1;-1;-1;-1;-1;-1;-1;-1;712;-1;-1;-1;-1;-1;-1;-1;-1;-1;-1;-1;-1;-1;-1;-1;-1;-1;-1;-1;-1;-1;-1;-1;-1;-1;-1;-1;-1;-1;-1;-1;-1;-1;-1;-1;-1;-1;-1;-1;-1;-1;-1;-1;-1;-1;-1;-1;-1;-1;-1;-1;-1;-1;-1;-1;-1;-1;-1;-1;-1;-1
-1;-1;-1;-1;-1;-1;-1;-1;-1;-1;-1;-1;-1;-1;-1;-1;-1;-1;-1;-1;-1;-1;-1;-1;-1;1000;-1;606;-1;-1;-1;-1;-1;-1;-1;-1;-1;-1;-1;-1;-1;-1;-1;-1;-1;-1;-1;-1;-1;-1;-1;-1;-1;-1;-1;-1;-1;-1;-1;-1;-1;-1;-1;-1;-1;-1;-1;-1;-1;-1;-1;-1;-1;-1;-1;-1;-1;-1;-1;-1;-1;-1;-1;-1;-1;-1;-1;-1
-1;-1;-1;-1;-1;-1;-1;-1;-1;-1;-1;-1;-1;-1;-1;-1;-1;-1;-1;-1;-1;-1;-1;617;617;-1;316;-1;182;-1;-1;-1;-1;283;283;-1;-1;-1;-1;-1;-1;-1;-1;-1;-1;-1;-1;-1;-1;-1;-1;-1;-1;-1;-1;-1;-1;-1;-1;-1;-1;-1;-1;-1;-1;-1;-1;-1;-1;-1;-1;-1;-1;-1;-1;-1;-1;-1;-1;-1;-1;-1;-1;-1;-1;-1;-1;-1
-1;-1;-1;-1;-1;-1;-1;-1;-1;-1;-1;-1;-1;-1;-1;-1;-1;-1;-1;-1;-1;-1;-1;-1;-1;-1;362;190;-1;253;248;266;266;285;285;956;-1;-1;-1;-1;-1;-1;-1;-1;-1;-1;-1;-1;-1;-1;-1;-1;-1;-1;-1;-1;-1;-1;-1;-1;-1;-1;-1;-1;-1;-1;-1;-1;-1;-1;-1;-1;-1;-1;-1;-1;-1;-1;-1;-1;-1;-1;-1;-1;-1;-1;-1;-1
-1;-1;-1;-1;-1;-1;-1;-1;-1;-1;-1;-1;-1;-1;-1;-1;-1;-1;-1;-1;-1;-1;-1;-1;-1;-1;-1;-1;251;-1;0;9;9;445;445;1034;-1;-1;-1;-1;-1;-1;-1;-1;-1;-1;-1;-1;-1;-1;-1;-1;-1;-1;-1;-1;-1;-1;-1;-1;-1;-1;-1;-1;-1;-1;-1;-1;-1;-1;-1;-1;-1;-1;-1;-1;-1;-1;-1;-1;1629;1506;508;375;-1;-1;-1;-1
-1;-1;-1;-1;-1;-1;-1;-1;-1;-1;-1;-1;-1;-1;-1;-1;-1;-1;-1;-1;-1;-1;-1;-1;-1;-1;-1;-1;248;1;-1;14;14;476;476;1097;-1;-1;-1;-1;-1;-1;-1;-1;-1;-1;-1;-1;-1;-1;-1;-1;-1;-1;-1;-1;-1;-1;-1;-1;-1;-1;-1;-1;-1;-1;-1;-1;-1;-1;-1;-1;-1;-1;-1;-1;-1;-1;-1;-1;1599;1474;485;398;-1;-1;-1;-1
-1;-1;-1;-1;-1;-1;-1;-1;-1;-1;-1;-1;-1;-1;-1;-1;-1;-1;-1;-1;-1;-1;-1;-1;-1;-1;-1;-1;623;8;11;-1;0;409;409;951;-1;-1;-1;-1;-1;-1;-1;-1;-1;-1;-1;-1;-1;-1;-1;-1;-1;-1;-1;-1;-1;-1;-1;-1;-1;-1;-1;-1;-1;-1;-1;-1;-1;-1;-1;-1;-1;-1;-1;-1;-1;-1;-1;-1;1776;1635;550;354;-1;-1;-1;-1
-1;-1;-1;-1;-1;-1;-1;-1;-1;-1;-1;-1;-1;-1;-1;-1;-1;-1;-1;-1;-1;-1;-1;-1;-1;-1;-1;-1;623;8;11;0;-1;409;409;951;-1;-1;-1;-1;-1;-1;-1;-1;-1;-1;-1;-1;-1;-1;-1;-1;-1;-1;-1;-1;-1;-1;-1;-1;-1;-1;-1;-1;-1;-1;-1;-1;-1;-1;-1;-1;-1;-1;-1;-1;-1;-1;-1;-1;1776;1635;550;354;-1;-1;-1;-1
-1;-1;-1;-1;-1;-1;-1;-1;-1;-1;-1;-1;-1;-1;-1;-1;-1;-1;-1;-1;-1;-1;-1;-1;-1;-1;-1;338;157;1175;1183;339;339;-1;0;225;721;-1;-1;-1;-1;-1;-1;-1;-1;-1;-1;-1;-1;-1;-1;-1;-1;-1;-1;-1;-1;-1;-1;-1;-1;-1;-1;-1;-1;-1;-1;-1;-1;-1;-1;-1;-1;-1;-1;-1;-1;-1;-1;-1;-1;-1;-1;-1;-1;-1;-1;-1
-1;-1;-1;-1;-1;-1;-1;-1;-1;-1;-1;-1;-1;-1;-1;-1;-1;-1;-1;-1;-1;-1;-1;-1;-1;-1;-1;338;157;1175;1183;339;339;0;-1;225;721;-1;-1;-1;-1;-1;-1;-1;-1;-1;-1;-1;-1;-1;-1;-1;-1;-1;-1;-1;-1;-1;-1;-1;-1;-1;-1;-1;-1;-1;-1;-1;-1;-1;-1;-1;-1;-1;-1;-1;-1;-1;-1;-1;-1;-1;-1;-1;-1;-1;-1;-1
-1;-1;-1;-1;-1;-1;-1;-1;-1;-1;-1;-1;-1;-1;-1;-1;-1;-1;-1;-1;-1;737;737;-1;-1;-1;-1;687;494;1398;1423;610;610;122;122;-1;169;598;-1;-1;-1;-1;-1;-1;-1;-1;-1;-1;-1;-1;-1;-1;-1;-1;-1;-1;-1;-1;-1;-1;-1;-1;-1;-1;-1;-1;-1;-1;-1;-1;-1;-1;-1;-1;-1;-1;-1;-1;-1;-1;-1;-1;-1;-1;-1;-1;-1;-1
-1;-1;-1;-1;-1;-1;-1;-1;-1;-1;-1;-1;-1;-1;-1;-1;-1;-1;-1;-1;570;-1;-1;-1;-1;-1;-1;-1;-1;997;-1;936;936;395;395;105;-1;152;257;257;257;257;257;192;192;298;407;1614;626;-1;1385;1385;1385;1385;1385;1385;1385;241;241;603;-1;-1;-1;-1;-1;-1;-1;-1;-1;-1;-1;-1;-1;-1;-1;-1;-1;-1;-1;-1;-1;-1;-1;1832;-1;-1;-1;257
-1;-1;-1;881;675;796;-1;-1;-1;-1;-1;-1;-1;-1;-1;-1;-1;-1;-1;-1;207;-1;-1;-1;-1;-1;-1;-1;-1;-1;-1;-1;-1;798;798;325;77;-1;250;250;250;250;250;296;296;208;208;1380;263;672;988;988;988;988;988;988;988;148;148;260;-1;-1;-1;-1;-1;-1;-1;-1;-1;-1;-1;-1;-1;-1;-1;-1;-1;-1;-1;-1;-1;-1;-1;-1;-1;-1;-1;250
-1;-1;-1;-1;-1;-1;-1;-1;-1;-1;-1;-1;-1;-1;-1;-1;-1;-1;-1;-1;588;-1;-1;-1;-1;-1;-1;-1;-1;-1;-1;-1;-1;-1;-1;400;504;268;-1;0;0;0;0;80;80;86;146;969;292;309;475;475;475;475;475;475;475;100;100;278;-1;-1;-1;-1;-1;763;-1;-1;-1;-1;-1;-1;-1;-1;-1;-1;-1;-1;-1;-1;-1;-1;-1;1184;827;328;328;0
-1;-1;-1;-1;-1;-1;-1;-1;-1;-1;-1;-1;-1;-1;-1;-1;-1;-1;-1;-1;588;-1;-1;-1;-1;-1;-1;-1;-1;-1;-1;-1;-1;-1;-1;400;504;268;0;-1;0;0;0;80;80;86;146;969;292;309;475;475;475;475;475;475;475;100;100;278;-1;-1;-1;-1;-1;763;-1;-1;-1;-1;-1;-1;-1;-1;-1;-1;-1;-1;-1;-1;-1;-1;-1;1184;827;328;328;0
-1;-1;-1;-1;-1;-1;-1;-1;-1;-1;-1;-1;-1;-1;-1;-1;-1;-1;-1;-1;588;-1;-1;-1;-1;-1;-1;-1;-1;-1;-1;-1;-1;-1;-1;400;504;268;0;0;-1;0;0;80;80;86;146;969;292;309;475;475;475;475;475;475;475;100;100;278;-1;-1;-1;-1;-1;763;-1;-1;-1;-1;-1;-1;-1;-1;-1;-1;-1;-1;-1;-1;-1;-1;-1;1184;827;328;328;0
-1;-1;-1;-1;-1;-1;-1;-1;-1;-1;-1;-1;-1;-1;-1;-1;-1;-1;-1;-1;588;-1;-1;-1;-1;-1;-1;-1;-1;-1;-1;-1;-1;-1;-1;400;504;268;0;0;0;-1;0;80;80;86;146;969;292;309;475;475;475;475;475;475;475;100;100;278;-1;-1;-1;-1;-1;763;-1;-1;-1;-1;-1;-1;-1;-1;-1;-1;-1;-1;-1;-1;-1;-1;-1;1184;827;328;328;0
-1;-1;-1;-1;-1;-1;-1;-1;-1;-1;-1;-1;-1;-1;-1;-1;-1;-1;-1;-1;588;-1;-1;-1;-1;-1;-1;-1;-1;-1;-1;-1;-1;-1;-1;400;504;268;0;0;0;0;-1;80;80;86;146;969;292;309;475;475;475;475;475;475;475;100;100;278;-1;-1;-1;-1;-1;763;-1;-1;-1;-1;-1;-1;-1;-1;-1;-1;-1;-1;-1;-1;-1;-1;-1;1184;827;328;328;0
-1;-1;-1;-1;-1;-1;-1;-1;-1;-1;-1;-1;-1;-1;-1;-1;-1;-1;-1;-1;852;-1;-1;-1;-1;-1;-1;-1;-1;726;769;670;670;-1;-1;274;522;399;110;110;110;110;110;-1;0;153;281;329;527;666;690;690;690;690;690;690;690;187;187;500;-1;-1;-1;-1;-1;1120;-1;-1;-1;-1;-1;-1;-1;-1;-1;-1;-1;-1;-1;-1;-1;-1;-1;682;337;1468;1468;110
-1;-1;-1;-1;-1;-1;-1;-1;-1;-1;-1;-1;-1;-1;-1;-1;-1;-1;-1;-1;852;-1;-1;-1;-1;-1;-1;-1;-1;726;769;670;670;-1;-1;274;522;399;110;110;110;110;110;0;-1;153;281;329;527;666;690;690;690;690;690;690;690;187;187;500;-1;-1;-1;-1;-1;1120;-1;-1;-1;-1;-1;-1;-1;-1;-1;-1;-1;-1;-1;-1;-1;-1;-1;682;337;1468;1468;110
-1;-1;-1;-1;1023;-1;-1;-1;-1;-1;-1;-1;-1;-1;-1;-1;-1;-1;-1;-1;466;-1;-1;-1;-1;-1;-1;-1;-1;-1;-1;-1;-1;-1;-1;469;630;212;76;76;76;76;76;85;85;-1;21;36;141;213;272;272;272;272;272;272;272;60;60;113;990;-1;-1;-1;-1;505;-1;-1;-1;-1;2275;-1;-1;-1;-1;-1;-1;-1;-1;-1;-1;-1;-1;1064;481;1268;1268;76
1694;-1;-1;979;787;-1;-1;-1;-1;-1;-1;-1;-1;-1;-1;-1;-1;-1;-1;-1;384;-1;-1;-1;-1;-1;-1;-1;-1;-1;-1;-1;-1;-1;-1;-1;687;206;106;106;106;106;106;150;150;10;-1;2;59;117;177;177;177;177;177;177;177;70;70;39;722;-1;-1;-1;-1;345;514;514;-1;-1;2243;-1;-1;-1;-1;-1;-1;-1;-1;-1;-1;-1;-1;-1;582;1302;1302;106
1885;1968;1968;1835;1635;-1;-1;-1;-1;-1;-1;-1;-1;-1;-1;-1;-1;-1;3073;-1;1596;-1;-1;-1;-1;-1;-1;-1;-1;-1;-1;-1;-1;-1;-1;-1;931;862;846;846;846;846;846;175;175;18;1;-1;42;548;156;156;156;156;156;156;156;77;77;24;648;970;981;981;981;304;471;471;-1;441;300;-1;-1;-1;-1;-1;-1;-1;-1;-1;-1;-1;-1;-1;617;422;422;846
1249;1313;1313;647;505;-1;-1;-1;-1;-1;-1;-1;-1;-1;-1;-1;-1;-1;1065;-1;325;-1;-1;-1;-1;-1;-1;-1;-1;-1;-1;-1;-1;-1;-1;-1;739;227;173;173;173;173;173;269;269;79;37;28;-1;66;99;99;99;99;99;99;99;107;107;10;424;687;705;705;705;202;363;363;-1;362;2418;-1;-1;-1;-1;-1;-1;-1;-1;-1;-1;-1;-1;-1;780;1555;1555;173
1176;1236;1236;643;512;-1;-1;-1;-1;-1;-1;-1;-1;-1;-1;-1;-1;-1;1037;-1;376;-1;-1;-1;-1;-1;-1;-1;-1;-1;-1;-1;-1;-1;-1;-1;846;296;169;169;169;169;169;365;365;130;82;510;64;-1;76;76;76;76;76;76;76;186;186;56;401;647;669;669;669;219;383;383;-1;706;3351;-1;-1;-1;-1;-1;-1;-1;-1;-1;-1;-1;-1;-1;999;465;465;169
1161;1221;1221;1259;1114;-1;-1;-1;-1;-1;-1;-1;-1;-1;-1;-1;-1;-1;2470;-1;1349;-1;-1;-1;-1;-1;-1;-1;-1;-1;-1;-1;-1;-1;-1;1295;824;657;342;342;342;342;342;397;397;196;148;137;103;95;-1;0;0;0;0;0;0;132;132;112;475;723;744;744;744;287;-1;-1;-1;-1;450;-1;-1;-1;-1;-1;-1;-1;-1;-1;-1;-1;-1;-1;929;529;529;342
1161;1221;1221;1259;1114;-1;-1;-1;-1;-1;-1;-1;-1;-1;-1;-1;-1;-1;2470;-1;1349;-1;-1;-1;-1;-1;-1;-1;-1;-1;-1;-1;-1;-1;-1;1295;824;657;342;342;342;342;342;397;397;196;148;137;103;95;0;-1;0;0;0;0;0;132;132;112;475;723;744;744;744;287;-1;-1;-1;-1;450;-1;-1;-1;-1;-1;-1;-1;-1;-1;-1;-1;-1;-1;929;529;529;342
1161;1221;1221;1259;1114;-1;-1;-1;-1;-1;-1;-1;-1;-1;-1;-1;-1;-1;2470;-1;1349;-1;-1;-1;-1;-1;-1;-1;-1;-1;-1;-1;-1;-1;-1;1295;824;657;342;342;342;342;342;397;397;196;148;137;103;95;0;0;-1;0;0;0;0;132;132;112;475;723;744;744;744;287;-1;-1;-1;-1;450;-1;-1;-1;-1;-1;-1;-1;-1;-1;-1;-1;-1;-1;929;529;529;342
1161;1221;1221;1259;1114;-1;-1;-1;-1;-1;-1;-1;-1;-1;-1;-1;-1;-1;2470;-1;1349;-1;-1;-1;-1;-1;-1;-1;-1;-1;-1;-1;-1;-1;-1;1295;824;657;342;342;342;342;342;397;397;196;148;137;103;95;0;0;0;-1;0;0;0;132;132;112;475;723;744;744;744;287;-1;-1;-1;-1;450;-1;-1;-1;-1;-1;-1;-1;-1;-1;-1;-1;-1;-1;929;529;529;342
1161;1221;1221;1259;1114;-1;-1;-1;-1;-1;-1;-1;-1;-1;-1;-1;-1;-1;2470;-1;1349;-1;-1;-1;-1;-1;-1;-1;-1;-1;-1;-1;-1;-1;-1;1295;824;657;342;342;342;342;342;397;397;196;148;137;103;95;0;0;0;0;-1;0;0;132;132;112;475;723;744;744;744;287;-1;-1;-1;-1;450;-1;-1;-1;-1;-1;-1;-1;-1;-1;-1;-1;-1;-1;929;529;529;342
1161;1221;1221;1259;1114;-1;-1;-1;-1;-1;-1;-1;-1;-1;-1;-1;-1;-1;2470;-1;1349;-1;-1;-1;-1;-1;-1;-1;-1;-1;-1;-1;-1;-1;-1;1295;824;657;342;342;342;342;342;397;397;196;148;137;103;95;0;0;0;0;0;-1;0;132;132;112;475;723;744;744;744;287;-1;-1;-1;-1;450;-1;-1;-1;-1;-1;-1;-1;-1;-1;-1;-1;-1;-1;929;529;529;342
1161;1221;1221;1259;1114;-1;-1;-1;-1;-1;-1;-1;-1;-1;-1;-1;-1;-1;2470;-1;1349;-1;-1;-1;-1;-1;-1;-1;-1;-1;-1;-1;-1;-1;-1;1295;824;657;342;342;342;342;342;397;397;196;148;137;103;95;0;0;0;0;0;0;-1;132;132;112;475;723;744;744;744;287;-1;-1;-1;-1;450;-1;-1;-1;-1;-1;-1;-1;-1;-1;-1;-1;-1;-1;929;529;529;342
-1;-1;-1;1180;954;-1;-1;-1;-1;-1;-1;-1;-1;-1;-1;-1;-1;-1;-1;-1;402;-1;-1;-1;-1;-1;-1;-1;-1;-1;-1;-1;-1;-1;-1;412;351;151;90;90;90;90;90;117;117;60;79;94;167;269;208;208;208;208;208;208;208;-1;0;160;1040;-1;-1;-1;-1;559;-1;-1;-1;-1;-1;-1;-1;-1;-1;-1;-1;-1;-1;-1;-1;-1;-1;1131;544;1960;1960;90
-1;-1;-1;1180;954;-1;-1;-1;-1;-1;-1;-1;-1;-1;-1;-1;-1;-1;-1;-1;402;-1;-1;-1;-1;-1;-1;-1;-1;-1;-1;-1;-1;-1;-1;412;351;151;90;90;90;90;90;117;117;60;79;94;167;269;208;208;208;208;208;208;208;0;-1;160;1040;-1;-1;-1;-1;559;-1;-1;-1;-1;-1;-1;-1;-1;-1;-1;-1;-1;-1;-1;-1;-1;-1;1131;544;1960;1960;90
1347;1414;1414;690;543;-1;-1;-1;-1;-1;-1;-1;-1;-1;-1;-1;-1;-1;1117;-1;338;-1;-1;-1;-1;-1;-1;-1;-1;-1;-1;-1;-1;-1;-1;-1;770;233;171;171;171;171;171;260;260;62;24;15;12;61;112;112;112;112;112;112;112;110;110;-1;448;720;736;736;736;207;368;368;-1;362;2307;-1;-1;-1;-1;-1;-1;-1;-1;-1;-1;-1;-1;-1;746;1431;1431;171
776;777;777;240;246;-1;-1;-1;-1;-1;-1;-1;-1;-1;-1;-1;-1;-1;-1;-1;-1;-1;-1;-1;-1;-1;-1;-1;-1;-1;-1;-1;-1;-1;-1;-1;-1;629;715;715;715;715;715;-1;-1;506;369;331;224;227;293;293;293;293;293;293;293;561;561;231;-1;32;75;75;75;185;326;326;290;401;2582;-1;-1;-1;-1;-1;-1;-1;-1;-1;-1;-1;-1;-1;-1;1933;1933;715
765;750;750;254;283;-1;-1;-1;-1;-1;-1;-1;-1;-1;-1;-1;-1;-1;-1;-1;-1;-1;-1;-1;-1;-1;-1;-1;-1;-1;-1;-1;-1;-1;-1;-1;-1;813;-1;-1;-1;-1;-1;-1;-1;706;543;496;359;353;420;420;420;420;420;420;420;760;760;370;16;-1;50;50;50;269;407;407;325;498;2749;-1;-1;-1;-1;-1;-1;-1;-1;-1;-1;-1;-1;-1;-1;-1;-1;-1
1027;1014;1014;301;327;-1;-1;-1;-1;-1;-1;-1;-1;-1;-1;-1;-1;-1;-1;-1;-1;-1;-1;-1;-1;-1;-1;-1;-1;-1;-1;-1;-1;-1;-1;-1;-1;841;-1;-1;-1;-1;-1;-1;-1;733;572;526;392;387;454;454;454;454;454;454;454;787;787;403;63;50;-1;0;0;208;347;347;269;436;2225;4649;-1;-1;-1;-1;-1;-1;-1;-1;-1;-1;-1;-1;-1;-1;-1;-1
1027;1014;1014;301;327;-1;-1;-1;-1;-1;-1;-1;-1;-1;-1;-1;-1;-1;-1;-1;-1;-1;-1;-1;-1;-1;-1;-1;-1;-1;-1;-1;-1;-1;-1;-1;-1;841;-1;-1;-1;-1;-1;-1;-1;733;572;526;392;387;454;454;454;454;454;454;454;787;787;403;63;50;0;-1;0;208;347;347;269;436;2225;4649;-1;-1;-1;-1;-1;-1;-1;-1;-1;-1;-1;-1;-1;-1;-1;-1
1027;1014;1014;301;327;-1;-1;-1;-1;-1;-1;-1;-1;-1;-1;-1;-1;-1;-1;-1;-1;-1;-1;-1;-1;-1;-1;-1;-1;-1;-1;-1;-1;-1;-1;-1;-1;841;-1;-1;-1;-1;-1;-1;-1;733;572;526;392;387;454;454;454;454;454;454;454;787;787;403;63;50;0;0;-1;208;347;347;269;436;2225;4649;-1;-1;-1;-1;-1;-1;-1;-1;-1;-1;-1;-1;-1;-1;-1;-1
1574;1616;1616;499;422;-1;-1;-1;-1;-1;-1;-1;-1;-1;-1;-1;-1;-1;-1;-1;-1;-1;-1;-1;-1;-1;-1;-1;-1;-1;-1;-1;-1;-1;-1;-1;-1;472;474;474;474;474;474;636;636;316;235;213;170;191;253;253;253;253;253;253;253;374;374;164;253;419;347;347;347;-1;149;149;242;192;1244;3490;-1;-1;-1;-1;-1;-1;-1;-1;-1;-1;-1;-1;953;559;559;474
2156;2200;2200;-1;-1;-1;-1;-1;-1;-1;-1;-1;-1;-1;-1;-1;-1;-1;-1;-1;-1;-1;-1;-1;-1;-1;-1;-1;-1;-1;-1;-1;-1;-1;-1;-1;-1;-1;1219;1219;1219;1219;1219;806;806;479;394;371;325;908;407;407;407;407;407;407;407;536;536;319;388;546;475;475;475;149;-1;0;83;44;147;1947;-1;-1;-1;-1;-1;-1;-1;-1;-1;-1;-1;-1;830;426;426;1219
2156;2200;2200;-1;-1;-1;-1;-1;-1;-1;-1;-1;-1;-1;-1;-1;-1;-1;-1;-1;-1;-1;-1;-1;-1;-1;-1;-1;-1;-1;-1;-1;-1;-1;-1;-1;-1;-1;1219;1219;1219;1219;1219;806;806;479;394;371;325;908;407;407;407;407;407;407;407;536;536;319;388;546;475;475;475;149;0;-1;83;44;147;1947;-1;-1;-1;-1;-1;-1;-1;-1;-1;-1;-1;-1;830;426;426;1219
2062;2081;2081;-1;-1;-1;-1;-1;-1;-1;-1;-1;-1;-1;-1;-1;-1;-1;-1;-1;-1;-1;-1;-1;-1;-1;-1;-1;-1;-1;-1;-1;-1;-1;-1;-1;-1;-1;1535;1535;1535;1535;1535;-1;-1;697;575;541;452;1097;542;542;542;542;542;542;542;753;753;453;296;365;304;304;304;207;53;53;-1;77;277;1896;-1;-1;-1;-1;-1;-1;-1;-1;-1;-1;-1;-1;-1;642;642;1535
-1;-1;-1;-1;-1;-1;-1;-1;-1;-1;-1;-1;-1;-1;-1;-1;-1;-1;-1;-1;-1;-1;-1;-1;-1;-1;-1;-1;-1;-1;-1;-1;-1;-1;-1;-1;-1;-1;1319;1319;1319;1319;1319;762;762;467;395;376;344;1076;515;515;515;515;515;515;515;525;525;337;496;685;610;610;610;194;48;48;132;-1;79;1543;901;901;-1;-1;-1;-1;-1;-1;-1;-1;-1;-1;705;319;319;1319
-1;-1;-1;-1;-1;-1;-1;-1;-1;-1;-1;-1;-1;-1;-1;-1;-1;-1;-1;-1;-1;-1;-1;-1;-1;-1;-1;-1;-1;-1;-1;-1;-1;-1;-1;-1;-1;-1;2149;2149;2149;2149;2149;1293;1293;1172;1182;300;1305;2259;461;461;461;461;461;461;461;1373;1373;1255;1998;2356;2091;2091;2091;961;252;252;526;149;-1;303;620;620;-1;-1;-1;-1;-1;-1;-1;-1;-1;-1;321;610;610;2149
-1;-1;-1;-1;-1;-1;-1;-1;-1;-1;-1;-1;-1;-1;-1;-1;-1;-1;-1;-1;-1;-1;-1;-1;-1;-1;-1;-1;-1;-1;-1;-1;-1;-1;-1;-1;-1;-1;-1;-1;-1;-1;-1;-1;-1;-1;-1;-1;-1;-1;-1;-1;-1;-1;-1;-1;-1;-1;-1;-1;-1;-1;2982;2982;2982;1921;1363;1363;1582;1100;295;-1;481;481;-1;-1;-1;-1;-1;-1;-1;-1;-1;-1;1212;1955;1955;-1
-1;-1;-1;-1;-1;-1;-1;-1;-1;-1;-1;-1;-1;-1;-1;-1;-1;-1;-1;-1;-1;-1;-1;-1;-1;-1;-1;-1;-1;-1;-1;-1;-1;-1;-1;-1;-1;-1;-1;-1;-1;-1;-1;-1;-1;-1;-1;-1;-1;-1;-1;-1;-1;-1;-1;-1;-1;-1;-1;-1;-1;-1;-1;-1;-1;-1;-1;-1;-1;1321;738;646;-1;0;804;804;804;804;804;804;-1;-1;-1;-1;506;1538;1538;-1
-1;-1;-1;-1;-1;-1;-1;-1;-1;-1;-1;-1;-1;-1;-1;-1;-1;-1;-1;-1;-1;-1;-1;-1;-1;-1;-1;-1;-1;-1;-1;-1;-1;-1;-1;-1;-1;-1;-1;-1;-1;-1;-1;-1;-1;-1;-1;-1;-1;-1;-1;-1;-1;-1;-1;-1;-1;-1;-1;-1;-1;-1;-1;-1;-1;-1;-1;-1;-1;1321;738;646;0;-1;804;804;804;804;804;804;-1;-1;-1;-1;506;1538;1538;-1
-1;-1;-1;-1;-1;-1;-1;-1;-1;-1;-1;-1;-1;-1;-1;-1;-1;-1;-1;-1;-1;-1;-1;-1;-1;-1;-1;-1;-1;-1;-1;-1;-1;-1;-1;-1;-1;-1;-1;-1;-1;-1;-1;-1;-1;-1;-1;-1;-1;-1;-1;-1;-1;-1;-1;-1;-1;-1;-1;-1;-1;-1;-1;-1;-1;-1;-1;-1;-1;-1;-1;-1;-1;-1;-1;0;0;0;0;0;775;-1;948;844;1548;-1;-1;-1
-1;-1;-1;-1;-1;-1;-1;-1;-1;-1;-1;-1;-1;-1;-1;-1;-1;-1;-1;-1;-1;-1;-1;-1;-1;-1;-1;-1;-1;-1;-1;-1;-1;-1;-1;-1;-1;-1;-1;-1;-1;-1;-1;-1;-1;-1;-1;-1;-1;-1;-1;-1;-1;-1;-1;-1;-1;-1;-1;-1;-1;-1;-1;-1;-1;-1;-1;-1;-1;-1;-1;-1;-1;-1;0;-1;0;0;0;0;775;-1;948;844;1548;-1;-1;-1
-1;-1;-1;-1;-1;-1;-1;-1;-1;-1;-1;-1;-1;-1;-1;-1;-1;-1;-1;-1;-1;-1;-1;-1;-1;-1;-1;-1;-1;-1;-1;-1;-1;-1;-1;-1;-1;-1;-1;-1;-1;-1;-1;-1;-1;-1;-1;-1;-1;-1;-1;-1;-1;-1;-1;-1;-1;-1;-1;-1;-1;-1;-1;-1;-1;-1;-1;-1;-1;-1;-1;-1;-1;-1;0;0;-1;0;0;0;775;-1;948;844;1548;-1;-1;-1
-1;-1;-1;-1;-1;-1;-1;-1;-1;-1;-1;-1;-1;-1;-1;-1;-1;-1;-1;-1;-1;-1;-1;-1;-1;-1;-1;-1;-1;-1;-1;-1;-1;-1;-1;-1;-1;-1;-1;-1;-1;-1;-1;-1;-1;-1;-1;-1;-1;-1;-1;-1;-1;-1;-1;-1;-1;-1;-1;-1;-1;-1;-1;-1;-1;-1;-1;-1;-1;-1;-1;-1;-1;-1;0;0;0;-1;0;0;775;-1;948;844;1548;-1;-1;-1
-1;-1;-1;-1;-1;-1;-1;-1;-1;-1;-1;-1;-1;-1;-1;-1;-1;-1;-1;-1;-1;-1;-1;-1;-1;-1;-1;-1;-1;-1;-1;-1;-1;-1;-1;-1;-1;-1;-1;-1;-1;-1;-1;-1;-1;-1;-1;-1;-1;-1;-1;-1;-1;-1;-1;-1;-1;-1;-1;-1;-1;-1;-1;-1;-1;-1;-1;-1;-1;-1;-1;-1;-1;-1;0;0;0;0;-1;0;775;-1;948;844;1548;-1;-1;-1
-1;-1;-1;-1;-1;-1;-1;-1;-1;-1;-1;-1;-1;-1;-1;-1;-1;-1;-1;-1;-1;-1;-1;-1;-1;-1;-1;-1;-1;-1;-1;-1;-1;-1;-1;-1;-1;-1;-1;-1;-1;-1;-1;-1;-1;-1;-1;-1;-1;-1;-1;-1;-1;-1;-1;-1;-1;-1;-1;-1;-1;-1;-1;-1;-1;-1;-1;-1;-1;-1;-1;-1;-1;-1;0;0;0;0;0;-1;775;-1;948;844;1548;-1;-1;-1
-1;-1;-1;-1;-1;-1;-1;-1;-1;-1;-1;-1;-1;-1;-1;-1;-1;-1;-1;-1;-1;-1;-1;-1;-1;-1;-1;-1;-1;1658;1593;1729;1729;-1;-1;-1;-1;-1;-1;-1;-1;-1;-1;-1;-1;-1;-1;-1;-1;-1;-1;-1;-1;-1;-1;-1;-1;-1;-1;-1;-1;-1;-1;-1;-1;-1;-1;-1;-1;-1;-1;-1;-1;-1;-1;-1;-1;-1;-1;-1;-1;33;82;-1;-1;-1;-1;-1
-1;-1;-1;-1;-1;-1;-1;-1;-1;-1;-1;-1;-1;-1;-1;-1;-1;-1;-1;-1;-1;-1;-1;-1;-1;-1;-1;-1;-1;1667;1598;1737;1737;-1;-1;-1;-1;-1;-1;-1;-1;-1;-1;-1;-1;-1;-1;-1;-1;-1;-1;-1;-1;-1;-1;-1;-1;-1;-1;-1;-1;-1;-1;-1;-1;-1;-1;-1;-1;-1;-1;-1;-1;-1;-1;-1;-1;-1;-1;-1;37;-1;130;-1;-1;-1;-1;-1
-1;-1;-1;-1;-1;-1;-1;-1;-1;-1;-1;-1;-1;-1;-1;-1;-1;-1;-1;-1;-1;-1;-1;-1;-1;-1;-1;-1;-1;1106;1056;794;794;-1;-1;-1;-1;-1;-1;-1;-1;-1;-1;-1;-1;-1;-1;-1;-1;-1;-1;-1;-1;-1;-1;-1;-1;-1;-1;-1;-1;-1;-1;-1;-1;-1;-1;-1;-1;-1;-1;-1;-1;-1;-1;-1;-1;-1;-1;-1;60;95;-1;946;-1;-1;-1;-1
-1;-1;-1;-1;-1;-1;-1;-1;-1;-1;-1;-1;-1;-1;-1;-1;-1;-1;-1;-1;-1;-1;-1;-1;-1;-1;-1;-1;-1;700;707;321;321;-1;-1;-1;2459;-1;-1;-1;-1;-1;-1;1047;1047;-1;-1;-1;-1;-1;-1;-1;-1;-1;-1;-1;-1;-1;-1;-1;-1;-1;-1;-1;-1;-1;-1;-1;-1;-1;-1;-1;-1;-1;1333;1333;1333;1333;1333;1333;747;819;488;-1;406;-1;-1;-1
-1;-1;-1;-1;-1;-1;-1;-1;-1;-1;-1;-1;-1;-1;-1;-1;-1;-1;-1;-1;-1;-1;-1;-1;-1;-1;-1;-1;-1;1136;-1;702;702;-1;-1;-1;1711;977;1258;1258;1258;1258;1258;364;364;661;858;927;1232;-1;-1;-1;-1;-1;-1;-1;-1;727;727;1173;-1;-1;-1;-1;-1;-1;-1;-1;-1;-1;622;2262;-1;-1;1592;1592;1592;1592;1592;1592;-1;-1;-1;213;-1;271;271;1258
-1;-1;-1;-1;-1;-1;-1;-1;-1;-1;-1;-1;-1;-1;-1;-1;-1;-1;-1;-1;-1;-1;-1;-1;-1;-1;-1;-1;-1;-1;-1;-1;-1;-1;-1;-1;-1;-1;328;328;328;328;328;386;386;375;442;471;628;618;679;679;679;679;679;679;679;434;434;593;-1;-1;-1;-1;-1;854;743;743;-1;574;691;2775;1417;1417;-1;-1;-1;-1;-1;-1;-1;-1;-1;664;167;-1;0;328
-1;-1;-1;-1;-1;-1;-1;-1;-1;-1;-1;-1;-1;-1;-1;-1;-1;-1;-1;-1;-1;-1;-1;-1;-1;-1;-1;-1;-1;-1;-1;-1;-1;-1;-1;-1;-1;-1;328;328;328;328;328;386;386;375;442;471;628;618;679;679;679;679;679;679;679;434;434;593;-1;-1;-1;-1;-1;854;743;743;-1;574;691;2775;1417;1417;-1;-1;-1;-1;-1;-1;-1;-1;-1;664;167;0;-1;328
-1;-1;-1;-1;-1;-1;-1;-1;-1;-1;-1;-1;-1;-1;-1;-1;-1;-1;-1;-1;588;-1;-1;-1;-1;-1;-1;-1;-1;-1;-1;-1;-1;-1;-1;400;504;268;0;0;0;0;0;80;80;86;146;969;292;309;475;475;475;475;475;475;475;100;100;278;-1;-1;-1;-1;-1;763;-1;-1;-1;-1;-1;-1;-1;-1;-1;-1;-1;-1;-1;-1;-1;-1;-1;1184;827;328;328;-1
